epoch,accuracy,loss
0.0,0.375,0.6964318156242371
0.0018281535648994515,0.5625,0.6915073990821838
0.003656307129798903,0.53125,0.6913560032844543
0.005484460694698354,0.4375,0.7032467722892761
0.007312614259597806,0.46875,0.698836624622345
0.009140767824497258,0.625,0.6806344389915466
0.010968921389396709,0.4375,0.7021041512489319
0.012797074954296161,0.46875,0.6978110671043396
0.014625228519195612,0.46875,0.6974353194236755
0.016453382084095063,0.5625,0.6888342499732971
0.018281535648994516,0.40625,0.700884222984314
0.02010968921389397,0.59375,0.688569962978363
0.021937842778793418,0.34375,0.7022091150283813
0.02376599634369287,0.53125,0.6921973824501038
0.025594149908592323,0.71875,0.6864380836486816
0.027422303473491772,0.375,0.6973274946212769
0.029250457038391225,0.59375,0.6902667284011841
0.031078610603290677,0.5,0.6930010914802551
0.03290676416819013,0.3125,0.6980223059654236
0.03473491773308958,0.3125,0.6961727142333984
0.03656307129798903,0.46875,0.6929967403411865
0.038391224862888484,0.5,0.6932666301727295
0.04021937842778794,0.46875,0.6928132772445679
0.04204753199268738,0.40625,0.6945228576660156
0.043875685557586835,0.40625,0.6945970058441162
0.04570383912248629,0.5,0.6931878924369812
0.04753199268738574,0.53125,0.6918032169342041
0.04936014625228519,0.5,0.6931332349777222
0.051188299817184646,0.59375,0.6907177567481995
0.05301645338208409,0.46875,0.692875325679779
0.054844606946983544,0.46875,0.6938524842262268
0.056672760511883,0.5625,0.6910699605941772
0.05850091407678245,0.5625,0.6919811367988586
0.0603290676416819,0.4375,0.6943404674530029
0.062157221206581355,0.5,0.6929980516433716
0.06398537477148081,0.59375,0.6896085143089294
0.06581352833638025,0.5625,0.6896068453788757
0.06764168190127971,0.53125,0.691469669342041
0.06946983546617916,0.4375,0.6961444616317749
0.0712979890310786,0.3125,0.7025376558303833
0.07312614259597806,0.6875,0.683892011642456
0.07495429616087751,0.53125,0.691733717918396
0.07678244972577697,0.3125,0.7013774514198303
0.07861060329067641,0.59375,0.6877915859222412
0.08043875685557587,0.625,0.6870376467704773
0.08226691042047532,0.5,0.6922692656517029
0.08409506398537477,0.53125,0.6907297968864441
0.08592321755027423,0.46875,0.693834125995636
0.08775137111517367,0.59375,0.6837601065635681
0.08957952468007313,0.4375,0.6981216073036194
0.09140767824497258,0.375,0.7023979425430298
0.09323583180987204,0.5625,0.6873903274536133
0.09506398537477148,0.5,0.6898193955421448
0.09689213893967093,0.375,0.6993807554244995
0.09872029250457039,0.5625,0.6885682344436646
0.10054844606946983,0.46875,0.6863245368003845
0.10237659963436929,0.53125,0.6929077506065369
0.10420475319926874,0.59375,0.6887741088867188
0.10603290676416818,0.625,0.689189076423645
0.10786106032906764,0.65625,0.6857917904853821
0.10968921389396709,0.59375,0.6825698614120483
0.11151736745886655,0.59375,0.6762615442276001
0.113345521023766,0.65625,0.6432563066482544
0.11517367458866545,0.4375,0.7937926650047302
0.1170018281535649,0.4375,0.7776405811309814
0.11882998171846434,0.625,0.6643818020820618
0.1206581352833638,0.34375,0.7767969369888306
0.12248628884826325,0.4375,0.7180282473564148
0.12431444241316271,0.59375,0.6811291575431824
0.12614259597806216,0.53125,0.6938916444778442
0.12797074954296161,0.3125,0.707337498664856
0.12979890310786105,0.46875,0.6707031726837158
0.1316270566727605,0.46875,0.7155814170837402
0.13345521023765997,0.59375,0.6769829392433167
0.13528336380255943,0.71875,0.6827186346054077
0.13711151736745886,0.46875,0.6794137358665466
0.13893967093235832,0.53125,0.6791159510612488
0.14076782449725778,0.5625,0.6590014696121216
0.1425959780621572,0.5625,0.682498037815094
0.14442413162705667,0.625,0.6833087205886841
0.14625228519195613,0.78125,0.617659330368042
0.1480804387568556,0.40625,0.7547734379768372
0.14990859232175502,0.53125,0.7092933654785156
0.15173674588665448,0.625,0.6494188904762268
0.15356489945155394,0.625,0.6585711240768433
0.15539305301645337,0.5625,0.7031862139701843
0.15722120658135283,0.5625,0.6837051510810852
0.1590493601462523,0.53125,0.7170144319534302
0.16087751371115175,0.84375,0.6017881631851196
0.16270566727605118,0.75,0.622665286064148
0.16453382084095064,0.59375,0.6856704354286194
0.1663619744058501,0.53125,0.6965906620025635
0.16819012797074953,0.6875,0.6568467020988464
0.170018281535649,0.40625,0.7309501767158508
0.17184643510054845,0.59375,0.6771186590194702
0.1736745886654479,0.5625,0.6870639324188232
0.17550274223034734,0.625,0.6666187644004822
0.1773308957952468,0.625,0.6537714004516602
0.17915904936014626,0.53125,0.7230351567268372
0.1809872029250457,0.71875,0.6213354468345642
0.18281535648994515,0.59375,0.6911578178405762
0.1846435100548446,0.5625,0.6895577311515808
0.18647166361974407,0.65625,0.6426019668579102
0.1882998171846435,0.625,0.6614047288894653
0.19012797074954296,0.53125,0.7016665935516357
0.19195612431444242,0.625,0.6574469804763794
0.19378427787934185,0.6875,0.6379818320274353
0.1956124314442413,0.5625,0.6883350610733032
0.19744058500914077,0.3125,0.7809220552444458
0.19926873857404023,0.53125,0.6786956787109375
0.20109689213893966,0.71875,0.6310668587684631
0.20292504570383912,0.53125,0.6998236775398254
0.20475319926873858,0.625,0.6616308689117432
0.20658135283363802,0.59375,0.655247688293457
0.20840950639853748,0.625,0.6552811861038208
0.21023765996343693,0.75,0.6176393628120422
0.21206581352833637,0.75,0.62617427110672
0.21389396709323583,0.65625,0.6536284685134888
0.21572212065813529,0.625,0.6472030878067017
0.21755027422303475,0.59375,0.6726737022399902
0.21937842778793418,0.59375,0.6780511140823364
0.22120658135283364,0.625,0.651145339012146
0.2230347349177331,0.65625,0.6420926451683044
0.22486288848263253,0.6875,0.6198813319206238
0.226691042047532,0.78125,0.5624090433120728
0.22851919561243145,0.53125,0.7082815766334534
0.2303473491773309,0.59375,0.6669495105743408
0.23217550274223034,0.59375,0.6875432729721069
0.2340036563071298,0.6875,0.6197212934494019
0.23583180987202926,0.59375,0.6535631418228149
0.2376599634369287,0.4375,0.7544451951980591
0.23948811700182815,0.625,0.6869633197784424
0.2413162705667276,0.65625,0.6509482264518738
0.24314442413162707,0.625,0.6292775273323059
0.2449725776965265,0.5625,0.7096430063247681
0.24680073126142596,0.65625,0.6115391254425049
0.24862888482632542,0.5625,0.7329787611961365
0.25045703839122485,0.5,0.7243600487709045
0.2522851919561243,0.625,0.6658130288124084
0.25411334552102377,0.6875,0.6228751540184021
0.25594149908592323,0.8125,0.575593888759613
0.2577696526508227,0.75,0.6304464340209961
0.2595978062157221,0.65625,0.6580516695976257
0.26142595978062155,0.8125,0.5967486500740051
0.263254113345521,0.6875,0.6507446765899658
0.26508226691042047,0.6875,0.589284360408783
0.26691042047531993,0.6875,0.6051247119903564
0.2687385740402194,0.71875,0.6454620361328125
0.27056672760511885,0.6875,0.6152663826942444
0.27239488117001825,0.5625,0.6581023335456848
0.2742230347349177,0.625,0.6094256043434143
0.2760511882998172,0.6875,0.6163744330406189
0.27787934186471663,0.71875,0.5978835225105286
0.2797074954296161,0.8125,0.5391517281532288
0.28153564899451555,0.71875,0.5877978801727295
0.283363802559415,0.84375,0.4722723066806793
0.2851919561243144,0.65625,0.6465579867362976
0.2870201096892139,0.75,0.5453317761421204
0.28884826325411334,0.65625,0.6627155542373657
0.2906764168190128,0.6875,0.6260499954223633
0.29250457038391225,0.65625,0.610809326171875
0.2943327239488117,0.5,0.7480105757713318
0.2961608775137112,0.59375,0.6755611896514893
0.2979890310786106,0.375,0.8945487141609192
0.29981718464351004,0.46875,0.7922017574310303
0.3016453382084095,0.59375,0.6593811511993408
0.30347349177330896,0.71875,0.5986456871032715
0.3053016453382084,0.59375,0.6501765847206116
0.3071297989031079,0.8125,0.5464125871658325
0.30895795246800734,0.75,0.5810450911521912
0.31078610603290674,0.6875,0.6005642414093018
0.3126142595978062,0.6875,0.6499714851379395
0.31444241316270566,0.625,0.6531475186347961
0.3162705667276051,0.625,0.6551276445388794
0.3180987202925046,0.6875,0.5857487320899963
0.31992687385740404,0.5625,0.6841278672218323
0.3217550274223035,0.6875,0.6443722248077393
0.3235831809872029,0.71875,0.5966765284538269
0.32541133455210236,0.71875,0.6271201372146606
0.3272394881170018,0.78125,0.5640904903411865
0.3290676416819013,0.6875,0.6410032510757446
0.33089579524680074,0.75,0.6035672426223755
0.3327239488117002,0.59375,0.6379905343055725
0.33455210237659966,0.59375,0.6522149443626404
0.33638025594149906,0.65625,0.595991849899292
0.3382084095063985,0.75,0.6053889989852905
0.340036563071298,0.625,0.6437019109725952
0.34186471663619744,0.6875,0.6303568482398987
0.3436928702010969,0.6875,0.6323211193084717
0.34552102376599636,0.65625,0.6018578410148621
0.3473491773308958,0.5625,0.6380689144134521
0.3491773308957952,0.71875,0.615943431854248
0.3510054844606947,0.5625,0.6969451904296875
0.35283363802559414,0.78125,0.5536620616912842
0.3546617915904936,0.78125,0.5592033863067627
0.35648994515539306,0.6875,0.6199360489845276
0.3583180987202925,0.78125,0.5396727323532104
0.360146252285192,0.78125,0.5289943814277649
0.3619744058500914,0.71875,0.560662567615509
0.36380255941499084,0.625,0.6712605953216553
0.3656307129798903,0.71875,0.5663754343986511
0.36745886654478976,0.59375,0.6600775718688965
0.3692870201096892,0.65625,0.617253303527832
0.3711151736745887,0.71875,0.5538564324378967
0.37294332723948814,0.875,0.4595022201538086
0.37477148080438755,0.75,0.5621974468231201
0.376599634369287,0.625,0.6260226964950562
0.37842778793418647,0.84375,0.4896887242794037
0.3802559414990859,0.71875,0.6117589473724365
0.3820840950639854,0.78125,0.5211293697357178
0.38391224862888484,0.625,0.6784824728965759
0.3857404021937843,0.71875,0.5718389749526978
0.3875685557586837,0.71875,0.539335310459137
0.38939670932358317,0.75,0.5631186962127686
0.3912248628884826,0.875,0.4537454843521118
0.3930530164533821,0.6875,0.5682383179664612
0.39488117001828155,0.625,0.6362143158912659
0.396709323583181,0.5625,0.6876457333564758
0.39853747714808047,0.6875,0.6013206243515015
0.40036563071297987,0.625,0.6080668568611145
0.40219378427787933,0.75,0.5395095348358154
0.4040219378427788,0.65625,0.6493012309074402
0.40585009140767825,0.46875,0.8100366592407227
0.4076782449725777,0.5625,0.6801838278770447
0.40950639853747717,0.5625,0.7136812806129456
0.4113345521023766,0.71875,0.5664446949958801
0.41316270566727603,0.59375,0.684100329875946
0.4149908592321755,0.65625,0.6084068417549133
0.41681901279707495,0.84375,0.5055490732192993
0.4186471663619744,0.84375,0.4856574833393097
0.42047531992687387,0.71875,0.5722047686576843
0.42230347349177333,0.78125,0.5095686316490173
0.42413162705667273,0.875,0.44412943720817566
0.4259597806215722,0.84375,0.4458790719509125
0.42778793418647165,0.71875,0.5382013320922852
0.4296160877513711,0.59375,0.6584556698799133
0.43144424131627057,0.71875,0.5524380803108215
0.43327239488117003,0.53125,0.664526104927063
0.4351005484460695,0.78125,0.5474379062652588
0.4369287020109689,0.84375,0.5129435658454895
0.43875685557586835,0.75,0.5583426356315613
0.4405850091407678,0.5625,0.7134847044944763
0.4424131627056673,0.65625,0.5859526991844177
0.44424131627056673,0.6875,0.594832718372345
0.4460694698354662,0.75,0.5157576203346252
0.44789762340036565,0.78125,0.5451410412788391
0.44972577696526506,0.75,0.554438591003418
0.4515539305301645,0.8125,0.4971194863319397
0.453382084095064,0.84375,0.46991053223609924
0.45521023765996343,0.65625,0.634544849395752
0.4570383912248629,0.84375,0.4890007972717285
0.45886654478976235,0.71875,0.5812776684761047
0.4606946983546618,0.59375,0.718255877494812
0.4625228519195612,0.65625,0.6294699311256409
0.4643510054844607,0.65625,0.6665485501289368
0.46617915904936014,0.71875,0.6150587797164917
0.4680073126142596,0.65625,0.6645411849021912
0.46983546617915906,0.8125,0.505694568157196
0.4716636197440585,0.78125,0.5333744287490845
0.473491773308958,0.625,0.6860212683677673
0.4753199268738574,0.8125,0.5159879922866821
0.47714808043875684,0.65625,0.6586037874221802
0.4789762340036563,0.625,0.6637111306190491
0.48080438756855576,0.71875,0.5692530870437622
0.4826325411334552,0.65625,0.6460316777229309
0.4844606946983547,0.5625,0.7503699660301208
0.48628884826325414,0.59375,0.7320117354393005
0.48811700182815354,0.59375,0.7192153930664062
0.489945155393053,0.78125,0.5394253134727478
0.49177330895795246,0.6875,0.6136956810951233
0.4936014625228519,0.71875,0.5936999917030334
0.4954296160877514,0.78125,0.5351549983024597
0.49725776965265084,0.6875,0.6315642595291138
0.4990859232175503,0.78125,0.5308231711387634
0.5009140767824497,0.8125,0.5026416778564453
0.5027422303473492,0.96875,0.3623735308647156
0.5045703839122486,0.75,0.5579918622970581
0.506398537477148,0.875,0.4527245759963989
0.5082266910420475,0.71875,0.5877866744995117
0.5100548446069469,0.6875,0.6160556077957153
0.5118829981718465,0.8125,0.5062459707260132
0.5137111517367459,0.875,0.4656892716884613
0.5155393053016454,0.625,0.6572871804237366
0.5173674588665448,0.78125,0.5183709263801575
0.5191956124314442,0.8125,0.5113499164581299
0.5210237659963437,0.6875,0.628864049911499
0.5228519195612431,0.71875,0.5921837091445923
0.5246800731261426,0.78125,0.555327832698822
0.526508226691042,0.6875,0.5943241715431213
0.5283363802559415,0.5625,0.6969143748283386
0.5301645338208409,0.75,0.548631489276886
0.5319926873857403,0.84375,0.48125937581062317
0.5338208409506399,0.59375,0.6920964121818542
0.5356489945155393,0.5,0.7458063960075378
0.5374771480804388,0.8125,0.49751245975494385
0.5393053016453382,0.875,0.4237847924232483
0.5411334552102377,0.71875,0.6009624004364014
0.5429616087751371,0.71875,0.5554350018501282
0.5447897623400365,0.65625,0.6221931576728821
0.546617915904936,0.6875,0.6297416090965271
0.5484460694698354,0.78125,0.4946737289428711
0.5502742230347349,0.71875,0.5903280377388
0.5521023765996343,0.6875,0.5795444250106812
0.5539305301645339,0.71875,0.5679216384887695
0.5557586837294333,0.84375,0.4684205949306488
0.5575868372943327,0.6875,0.63504558801651
0.5594149908592322,0.71875,0.5816120505332947
0.5612431444241316,0.8125,0.48761340975761414
0.5630712979890311,0.84375,0.5225859880447388
0.5648994515539305,0.84375,0.5240757465362549
0.56672760511883,0.6875,0.626038670539856
0.5685557586837294,0.84375,0.4759739637374878
0.5703839122486288,0.75,0.5543684959411621
0.5722120658135283,0.53125,0.6725067496299744
0.5740402193784278,0.8125,0.5354506969451904
0.5758683729433273,0.78125,0.5014440417289734
0.5776965265082267,0.78125,0.5094746947288513
0.5795246800731262,0.71875,0.5356879234313965
0.5813528336380256,0.71875,0.5707870125770569
0.583180987202925,0.75,0.5356299877166748
0.5850091407678245,0.6875,0.5853570103645325
0.5868372943327239,0.84375,0.47932618856430054
0.5886654478976234,0.71875,0.5482578277587891
0.5904936014625228,0.65625,0.6181557178497314
0.5923217550274223,0.6875,0.5843796730041504
0.5941499085923218,0.59375,0.6636187434196472
0.5959780621572212,0.8125,0.5088158845901489
0.5978062157221207,0.75,0.5846297740936279
0.5996343692870201,0.71875,0.5545729398727417
0.6014625228519196,0.65625,0.5733563899993896
0.603290676416819,0.84375,0.4639998972415924
0.6051188299817185,0.6875,0.5790092349052429
0.6069469835466179,0.84375,0.4847894608974457
0.6087751371115173,0.75,0.5747663378715515
0.6106032906764168,0.6875,0.5668574571609497
0.6124314442413162,0.9375,0.3944121301174164
0.6142595978062158,0.6875,0.6132243871688843
0.6160877513711152,0.75,0.5435848236083984
0.6179159049360147,0.84375,0.5317464470863342
0.6197440585009141,0.75,0.5192776918411255
0.6215722120658135,0.6875,0.6020902395248413
0.623400365630713,0.78125,0.5107671618461609
0.6252285191956124,0.8125,0.4925265908241272
0.6270566727605119,0.6875,0.5675606727600098
0.6288848263254113,0.90625,0.44164174795150757
0.6307129798903108,0.75,0.565807044506073
0.6325411334552102,0.78125,0.5115822553634644
0.6343692870201096,0.71875,0.5756640434265137
0.6361974405850092,0.71875,0.5800849199295044
0.6380255941499086,0.5625,0.7107592821121216
0.6398537477148081,0.5,0.7604515552520752
0.6416819012797075,0.59375,0.6944940686225891
0.643510054844607,0.71875,0.5935271382331848
0.6453382084095064,0.875,0.4642888903617859
0.6471663619744058,0.65625,0.6396867036819458
0.6489945155393053,0.71875,0.572565495967865
0.6508226691042047,0.71875,0.5844713449478149
0.6526508226691042,0.6875,0.5976528525352478
0.6544789762340036,0.78125,0.538684070110321
0.6563071297989032,0.8125,0.49726828932762146
0.6581352833638026,0.65625,0.597339391708374
0.659963436928702,0.84375,0.473649263381958
0.6617915904936015,0.6875,0.5413103699684143
0.6636197440585009,0.8125,0.4586452841758728
0.6654478976234004,0.8125,0.5263776779174805
0.6672760511882998,0.84375,0.5187714695930481
0.6691042047531993,0.8125,0.5036178827285767
0.6709323583180987,0.75,0.5609623789787292
0.6727605118829981,0.65625,0.5965641736984253
0.6745886654478976,0.875,0.4253281056880951
0.676416819012797,0.78125,0.5226197242736816
0.6782449725776966,0.875,0.4608384966850281
0.680073126142596,0.875,0.4745068848133087
0.6819012797074955,0.75,0.5844641327857971
0.6837294332723949,0.8125,0.5328010320663452
0.6855575868372943,0.75,0.53886878490448
0.6873857404021938,0.71875,0.5784996151924133
0.6892138939670932,0.78125,0.48874518275260925
0.6910420475319927,0.6875,0.576717734336853
0.6928702010968921,0.75,0.5451998114585876
0.6946983546617916,0.75,0.5388193130493164
0.696526508226691,0.8125,0.5209906101226807
0.6983546617915904,0.8125,0.5123924612998962
0.70018281535649,0.65625,0.6216645240783691
0.7020109689213894,0.90625,0.41038963198661804
0.7038391224862889,0.84375,0.483961284160614
0.7056672760511883,0.84375,0.4394057095050812
0.7074954296160878,0.6875,0.5846830606460571
0.7093235831809872,0.84375,0.4800448417663574
0.7111517367458866,0.875,0.48679107427597046
0.7129798903107861,0.71875,0.5422912836074829
0.7148080438756855,0.71875,0.5790268182754517
0.716636197440585,0.875,0.43235641717910767
0.7184643510054844,0.875,0.42311355471611023
0.720292504570384,0.9375,0.40390580892562866
0.7221206581352834,0.875,0.43935298919677734
0.7239488117001828,0.71875,0.5653534531593323
0.7257769652650823,0.875,0.42919161915779114
0.7276051188299817,0.8125,0.47295376658439636
0.7294332723948812,0.6875,0.6439440250396729
0.7312614259597806,0.65625,0.6306984424591064
0.7330895795246801,0.84375,0.46035319566726685
0.7349177330895795,0.90625,0.40215107798576355
0.7367458866544789,0.5,0.7435930371284485
0.7385740402193784,0.8125,0.5047035813331604
0.7404021937842779,0.59375,0.6533761024475098
0.7422303473491774,0.5625,0.7053788900375366
0.7440585009140768,0.625,0.6145401000976562
0.7458866544789763,0.65625,0.5509377121925354
0.7477148080438757,0.75,0.6222254037857056
0.7495429616087751,0.90625,0.46891582012176514
0.7513711151736746,0.6875,0.5789311528205872
0.753199268738574,0.84375,0.5229780673980713
0.7550274223034735,0.71875,0.5980935096740723
0.7568555758683729,0.8125,0.5179771184921265
0.7586837294332724,0.6875,0.6606366038322449
0.7605118829981719,0.6875,0.5723247528076172
0.7623400365630713,0.6875,0.5997708439826965
0.7641681901279708,0.75,0.5453091859817505
0.7659963436928702,0.625,0.6037142276763916
0.7678244972577697,0.8125,0.5190491676330566
0.7696526508226691,0.71875,0.5977911949157715
0.7714808043875686,0.71875,0.5612776875495911
0.773308957952468,0.78125,0.5119871497154236
0.7751371115173674,0.8125,0.5057886838912964
0.7769652650822669,0.875,0.46229779720306396
0.7787934186471663,0.78125,0.5617868900299072
0.7806215722120659,0.65625,0.6391328573226929
0.7824497257769653,0.8125,0.489483118057251
0.7842778793418648,0.71875,0.577456533908844
0.7861060329067642,0.8125,0.48763781785964966
0.7879341864716636,0.84375,0.45671218633651733
0.7897623400365631,0.84375,0.4690503180027008
0.7915904936014625,0.78125,0.5119987726211548
0.793418647166362,0.71875,0.5593449473381042
0.7952468007312614,0.75,0.5281046032905579
0.7970749542961609,0.84375,0.48337167501449585
0.7989031078610603,0.75,0.530802845954895
0.8007312614259597,0.78125,0.49095889925956726
0.8025594149908593,0.71875,0.5534039735794067
0.8043875685557587,0.78125,0.4974512755870819
0.8062157221206582,0.875,0.4226698875427246
0.8080438756855576,0.875,0.48649153113365173
0.8098720292504571,0.625,0.7174660563468933
0.8117001828153565,0.59375,0.6895676255226135
0.8135283363802559,0.75,0.5379477143287659
0.8153564899451554,0.75,0.5434380769729614
0.8171846435100548,0.84375,0.46124476194381714
0.8190127970749543,0.8125,0.4930345118045807
0.8208409506398537,0.71875,0.5849916338920593
0.8226691042047533,0.6875,0.589728832244873
0.8244972577696527,0.8125,0.5379151701927185
0.8263254113345521,0.78125,0.5257902145385742
0.8281535648994516,0.71875,0.5912258625030518
0.829981718464351,0.875,0.4596906304359436
0.8318098720292505,0.75,0.5548512935638428
0.8336380255941499,0.65625,0.640149712562561
0.8354661791590493,0.71875,0.5625550746917725
0.8372943327239488,0.78125,0.5171529650688171
0.8391224862888482,0.71875,0.5918877124786377
0.8409506398537477,0.5625,0.6800386309623718
0.8427787934186471,0.75,0.5338707566261292
0.8446069469835467,0.71875,0.570838212966919
0.8464351005484461,0.75,0.5540435314178467
0.8482632541133455,0.65625,0.6575912833213806
0.850091407678245,0.65625,0.6276124119758606
0.8519195612431444,0.71875,0.6304505467414856
0.8537477148080439,0.75,0.5577625632286072
0.8555758683729433,0.78125,0.5580227971076965
0.8574040219378428,0.75,0.5467547178268433
0.8592321755027422,0.5625,0.6989455223083496
0.8610603290676416,0.6875,0.6461869478225708
0.8628884826325411,0.6875,0.6372769474983215
0.8647166361974405,0.71875,0.5842232704162598
0.8665447897623401,0.875,0.44422805309295654
0.8683729433272395,0.84375,0.4791829586029053
0.870201096892139,0.84375,0.4683029055595398
0.8720292504570384,0.875,0.4486052989959717
0.8738574040219378,0.84375,0.4631006717681885
0.8756855575868373,0.6875,0.595348596572876
0.8775137111517367,0.75,0.5302261114120483
0.8793418647166362,0.71875,0.6058033108711243
0.8811700182815356,0.6875,0.6187224388122559
0.8829981718464351,0.875,0.45786958932876587
0.8848263254113345,0.71875,0.5811808109283447
0.886654478976234,0.625,0.6614410877227783
0.8884826325411335,0.8125,0.5058110356330872
0.8903107861060329,0.71875,0.5421890616416931
0.8921389396709324,0.78125,0.5031332969665527
0.8939670932358318,0.59375,0.675225555896759
0.8957952468007313,0.78125,0.49744969606399536
0.8976234003656307,0.71875,0.5416811108589172
0.8994515539305301,0.65625,0.6184621453285217
0.9012797074954296,0.65625,0.6315665245056152
0.903107861060329,0.5,0.7393015623092651
0.9049360146252285,0.71875,0.5783737301826477
0.906764168190128,0.65625,0.6179286241531372
0.9085923217550275,0.65625,0.5934087634086609
0.9104204753199269,0.625,0.6499632000923157
0.9122486288848263,0.65625,0.638740062713623
0.9140767824497258,0.71875,0.593550443649292
0.9159049360146252,0.875,0.44480279088020325
0.9177330895795247,0.59375,0.6323913931846619
0.9195612431444241,0.71875,0.5930265188217163
0.9213893967093236,0.625,0.6638862490653992
0.923217550274223,0.71875,0.579489529132843
0.9250457038391224,0.8125,0.47702494263648987
0.926873857404022,0.84375,0.4661467969417572
0.9287020109689214,0.59375,0.6320145130157471
0.9305301645338209,0.875,0.4645704925060272
0.9323583180987203,0.875,0.45194125175476074
0.9341864716636198,0.84375,0.46873316168785095
0.9360146252285192,0.90625,0.4435529410839081
0.9378427787934186,0.8125,0.4747006297111511
0.9396709323583181,0.875,0.48461687564849854
0.9414990859232175,0.6875,0.6259211301803589
0.943327239488117,0.8125,0.5263108611106873
0.9451553930530164,0.71875,0.5780238509178162
0.946983546617916,0.78125,0.483711302280426
0.9488117001828154,0.9375,0.4097943902015686
0.9506398537477148,0.6875,0.606565535068512
0.9524680073126143,0.8125,0.5181284546852112
0.9542961608775137,0.71875,0.5919910073280334
0.9561243144424132,0.84375,0.5128393173217773
0.9579524680073126,0.84375,0.4647076427936554
0.9597806215722121,0.84375,0.460427850484848
0.9616087751371115,0.78125,0.512984573841095
0.9634369287020109,0.8571429252624512,0.4735061228275299
0.9652650822669104,0.8125,0.5157541036605835
0.9670932358318098,0.84375,0.46399348974227905
0.9689213893967094,0.875,0.4315105080604553
0.9707495429616088,0.84375,0.43935662508010864
0.9725776965265083,0.75,0.5337181091308594
0.9744058500914077,0.84375,0.451415091753006
0.9762340036563071,0.65625,0.5677738189697266
0.9780621572212066,0.65625,0.605064868927002
0.979890310786106,0.6875,0.6307966709136963
0.9817184643510055,0.75,0.5607508420944214
0.9835466179159049,0.625,0.669496476650238
0.9853747714808044,0.71875,0.5963265895843506
0.9872029250457038,0.71875,0.5950398445129395
0.9890310786106032,0.65625,0.6555220484733582
0.9908592321755028,0.8125,0.4994507431983948
0.9926873857404022,0.78125,0.5480159521102905
0.9945155393053017,0.875,0.4250110387802124
0.9963436928702011,0.71875,0.5809081792831421
0.9981718464351006,0.9375,0.377541720867157
1.0,0.84375,0.4689159691333771
1.0018281535648994,0.78125,0.5258990526199341
1.0036563071297988,0.75,0.5639983415603638
1.0054844606946984,0.84375,0.47150561213493347
1.0073126142595978,0.78125,0.5255625247955322
1.0091407678244972,0.875,0.43854930996894836
1.0109689213893966,0.75,0.5650586485862732
1.012797074954296,0.78125,0.5307872295379639
1.0146252285191957,0.9375,0.3796626627445221
1.016453382084095,0.71875,0.5720967650413513
1.0182815356489945,0.6875,0.623857319355011
1.0201096892138939,0.84375,0.46987834572792053
1.0219378427787935,0.78125,0.5365131497383118
1.023765996343693,0.78125,0.5238360166549683
1.0255941499085923,0.90625,0.4113791584968567
1.0274223034734917,0.78125,0.5396978259086609
1.0292504570383911,0.84375,0.4715206027030945
1.0310786106032908,0.84375,0.45278963446617126
1.0329067641681902,0.8125,0.4857649803161621
1.0347349177330896,0.78125,0.5341815948486328
1.036563071297989,0.75,0.580969512462616
1.0383912248628886,0.71875,0.6054403781890869
1.040219378427788,0.75,0.5589941740036011
1.0420475319926874,0.71875,0.5880546569824219
1.0438756855575868,0.84375,0.45762619376182556
1.0457038391224862,0.75,0.5624949932098389
1.0475319926873858,0.875,0.44025149941444397
1.0493601462522852,0.84375,0.46244484186172485
1.0511882998171846,0.90625,0.40875592827796936
1.053016453382084,0.6875,0.6275460720062256
1.0548446069469835,0.8125,0.5002229809761047
1.056672760511883,0.90625,0.4108316898345947
1.0585009140767825,0.84375,0.45205533504486084
1.0603290676416819,0.875,0.43574094772338867
1.0621572212065813,0.8125,0.4882209897041321
1.0639853747714807,0.875,0.445054292678833
1.0658135283363803,0.71875,0.5854171514511108
1.0676416819012797,0.8125,0.49347496032714844
1.0694698354661791,0.84375,0.47040855884552
1.0712979890310785,0.90625,0.40694451332092285
1.0731261425959782,0.96875,0.34600162506103516
1.0749542961608776,0.9375,0.3762945830821991
1.076782449725777,0.9375,0.3768686354160309
1.0786106032906764,0.75,0.5649453401565552
1.0804387568555758,0.75,0.5468220114707947
1.0822669104204754,0.78125,0.5312893390655518
1.0840950639853748,0.8125,0.4953329265117645
1.0859232175502742,0.875,0.43088647723197937
1.0877513711151736,0.65625,0.6443115472793579
1.0895795246800732,0.84375,0.4691653251647949
1.0914076782449726,0.84375,0.4708106219768524
1.093235831809872,0.75,0.5607551336288452
1.0950639853747715,0.75,0.5588902235031128
1.0968921389396709,0.875,0.4310390055179596
1.0987202925045705,0.96875,0.3454057574272156
1.1005484460694699,0.8125,0.5002148151397705
1.1023765996343693,0.8125,0.5006723403930664
1.1042047531992687,0.8125,0.4992631673812866
1.106032906764168,0.84375,0.4564265310764313
1.1078610603290677,0.90625,0.4114394783973694
1.1096892138939671,0.8125,0.5017062425613403
1.1115173674588665,0.84375,0.45219114422798157
1.113345521023766,0.8125,0.5072023868560791
1.1151736745886653,0.875,0.4396132528781891
1.117001828153565,0.84375,0.46291136741638184
1.1188299817184644,0.875,0.4585498869419098
1.1206581352833638,0.875,0.4260594844818115
1.1224862888482632,0.78125,0.5328060388565063
1.1243144424131628,0.875,0.4333377480506897
1.1261425959780622,0.6875,0.6281333565711975
1.1279707495429616,0.71875,0.5897672176361084
1.129798903107861,0.71875,0.5746051073074341
1.1316270566727604,0.84375,0.4700908362865448
1.13345521023766,0.75,0.5645977258682251
1.1352833638025595,0.78125,0.5415105223655701
1.1371115173674589,0.84375,0.46549227833747864
1.1389396709323583,0.8125,0.4947967827320099
1.1407678244972579,0.8125,0.5145059823989868
1.1425959780621573,0.875,0.4337525963783264
1.1444241316270567,0.8125,0.5026096701622009
1.146252285191956,0.875,0.4240618348121643
1.1480804387568555,0.65625,0.6511950492858887
1.1499085923217551,0.90625,0.4057474136352539
1.1517367458866545,0.875,0.44137945771217346
1.153564899451554,0.84375,0.47793304920196533
1.1553930530164533,0.75,0.5611542463302612
1.1572212065813527,0.6875,0.6076895594596863
1.1590493601462524,0.75,0.5640247464179993
1.1608775137111518,0.8125,0.5025984644889832
1.1627056672760512,0.84375,0.47975629568099976
1.1645338208409506,0.84375,0.4839928448200226
1.16636197440585,0.6875,0.630337119102478
1.1681901279707496,0.8125,0.5011147260665894
1.170018281535649,0.8125,0.5031546354293823
1.1718464351005484,0.84375,0.4709501564502716
1.1736745886654478,0.78125,0.5388600826263428
1.1755027422303472,0.84375,0.47059932351112366
1.1773308957952469,0.6875,0.62699955701828
1.1791590493601463,0.78125,0.5240076780319214
1.1809872029250457,0.84375,0.471983402967453
1.182815356489945,0.71875,0.5959238409996033
1.1846435100548447,0.78125,0.5172358155250549
1.186471663619744,0.78125,0.5331827402114868
1.1882998171846435,0.90625,0.40585625171661377
1.190127970749543,0.71875,0.5801577568054199
1.1919561243144425,0.71875,0.5943894982337952
1.193784277879342,0.75,0.5495104789733887
1.1956124314442413,0.71875,0.5785742402076721
1.1974405850091407,0.84375,0.4818880558013916
1.1992687385740401,0.75,0.5560736656188965
1.2010968921389398,0.875,0.44117316603660583
1.2029250457038392,0.90625,0.4100223779678345
1.2047531992687386,0.875,0.43930181860923767
1.206581352833638,0.875,0.44056206941604614
1.2084095063985374,0.8125,0.5005273222923279
1.210237659963437,0.78125,0.5374506115913391
1.2120658135283364,0.8125,0.5004233717918396
1.2138939670932358,0.875,0.44096437096595764
1.2157221206581352,0.8125,0.4824056625366211
1.2175502742230346,0.84375,0.4786464273929596
1.2193784277879343,0.78125,0.5285491347312927
1.2212065813528337,0.875,0.4386846125125885
1.223034734917733,0.6875,0.6238565444946289
1.2248628884826325,0.8125,0.4990995228290558
1.2266910420475319,0.875,0.4379914402961731
1.2285191956124315,0.75,0.5654243230819702
1.230347349177331,0.84375,0.47165778279304504
1.2321755027422303,0.9375,0.3815883994102478
1.2340036563071297,0.75,0.5535150766372681
1.2358318098720293,0.78125,0.537909984588623
1.2376599634369287,0.90625,0.40379706025123596
1.2394881170018281,0.71875,0.5948982238769531
1.2413162705667276,0.875,0.4396478235721588
1.2431444241316272,0.78125,0.5323106646537781
1.2449725776965266,0.9375,0.37532326579093933
1.246800731261426,0.8125,0.4904523193836212
1.2486288848263254,0.84375,0.4673256278038025
1.2504570383912248,0.875,0.43696328997612
1.2522851919561244,0.9375,0.3775296211242676
1.2541133455210238,0.90625,0.40787452459335327
1.2559414990859232,0.75,0.5381989479064941
1.2577696526508226,0.90625,0.40572589635849
1.259597806215722,0.875,0.40899181365966797
1.2614259597806217,0.8125,0.5003387331962585
1.263254113345521,0.875,0.4358866214752197
1.2650822669104205,0.90625,0.42256155610084534
1.2669104204753199,0.96875,0.3499164581298828
1.2687385740402193,0.875,0.4630904495716095
1.270566727605119,0.875,0.41137564182281494
1.2723948811700183,0.75,0.5291271209716797
1.2742230347349177,0.8125,0.48611414432525635
1.2760511882998171,0.875,0.4373006522655487
1.2778793418647165,0.875,0.4429440498352051
1.2797074954296161,0.8125,0.500597357749939
1.2815356489945156,0.875,0.42624807357788086
1.283363802559415,0.96875,0.3585969805717468
1.2851919561243144,0.9375,0.389892578125
1.2870201096892138,0.84375,0.4575091600418091
1.2888482632541134,0.65625,0.5670188665390015
1.2906764168190128,0.875,0.45601415634155273
1.2925045703839122,0.78125,0.5138334035873413
1.2943327239488118,0.875,0.4395223557949066
1.2961608775137112,0.875,0.3810370862483978
1.2979890310786106,0.875,0.44654029607772827
1.29981718464351,0.9375,0.4127095341682434
1.3016453382084094,0.6875,0.5707983374595642
1.303473491773309,0.71875,0.5693170428276062
1.3053016453382085,0.90625,0.41594529151916504
1.3071297989031079,0.84375,0.4943017363548279
1.3089579524680073,0.8125,0.49925974011421204
1.3107861060329067,0.875,0.41878312826156616
1.3126142595978063,0.90625,0.39171332120895386
1.3144424131627057,0.875,0.4257199466228485
1.3162705667276051,0.78125,0.5041676759719849
1.3180987202925045,0.90625,0.3986281752586365
1.319926873857404,0.84375,0.4717687666416168
1.3217550274223036,0.84375,0.4491865038871765
1.323583180987203,0.875,0.4320034384727478
1.3254113345521024,0.71875,0.537037193775177
1.3272394881170018,0.84375,0.4492136836051941
1.3290676416819012,0.84375,0.43514516949653625
1.3308957952468008,0.84375,0.42769479751586914
1.3327239488117002,0.96875,0.36728525161743164
1.3345521023765996,0.9375,0.39774006605148315
1.336380255941499,0.78125,0.5228312611579895
1.3382084095063984,0.84375,0.43027999997138977
1.340036563071298,0.84375,0.4858338534832001
1.3418647166361974,0.90625,0.4314778745174408
1.3436928702010968,0.84375,0.47284117341041565
1.3455210237659965,0.75,0.496743768453598
1.3473491773308959,0.875,0.4607492983341217
1.3491773308957953,0.78125,0.5000297427177429
1.3510054844606947,0.8125,0.4672466516494751
1.352833638025594,0.90625,0.40486574172973633
1.3546617915904937,0.875,0.4214651882648468
1.3564899451553931,0.96875,0.34615564346313477
1.3583180987202925,0.8125,0.4640268087387085
1.360146252285192,0.90625,0.40362510085105896
1.3619744058500913,0.90625,0.4203110933303833
1.363802559414991,0.78125,0.5205159187316895
1.3656307129798904,0.625,0.6246885061264038
1.3674588665447898,0.6875,0.6205665469169617
1.3692870201096892,0.84375,0.4514455199241638
1.3711151736745886,0.9375,0.39450597763061523
1.3729433272394882,0.75,0.5703284740447998
1.3747714808043876,0.84375,0.4471782147884369
1.376599634369287,0.84375,0.4375488758087158
1.3784277879341864,0.8125,0.4593643546104431
1.3802559414990858,0.84375,0.44368189573287964
1.3820840950639854,0.84375,0.4625244736671448
1.3839122486288848,0.8125,0.47227945923805237
1.3857404021937842,0.84375,0.46993887424468994
1.3875685557586837,0.9375,0.3928331732749939
1.389396709323583,0.84375,0.4332340955734253
1.3912248628884827,0.75,0.5312960147857666
1.393053016453382,0.875,0.4514697194099426
1.3948811700182815,0.84375,0.4646266996860504
1.3967093235831811,0.8125,0.4579489827156067
1.3985374771480805,0.84375,0.4405994713306427
1.40036563071298,0.78125,0.5279044508934021
1.4021937842778793,0.90625,0.41016900539398193
1.4040219378427787,0.84375,0.4385579526424408
1.4058500914076784,0.71875,0.5309467911720276
1.4076782449725778,0.96875,0.3523266017436981
1.4095063985374772,0.90625,0.3898811638355255
1.4113345521023766,0.84375,0.45302098989486694
1.413162705667276,0.9375,0.3488696217536926
1.4149908592321756,0.78125,0.531053900718689
1.416819012797075,0.78125,0.5331224799156189
1.4186471663619744,0.90625,0.4208363890647888
1.4204753199268738,0.9375,0.3928150534629822
1.4223034734917732,0.875,0.4439659118652344
1.4241316270566728,0.90625,0.3951600193977356
1.4259597806215722,0.84375,0.4861462712287903
1.4277879341864717,0.90625,0.41477110981941223
1.429616087751371,0.9375,0.3897611200809479
1.4314442413162705,0.96875,0.3717496693134308
1.43327239488117,0.90625,0.4128415286540985
1.4351005484460695,0.78125,0.5189131498336792
1.436928702010969,0.90625,0.3970773220062256
1.4387568555758683,0.6875,0.5811036825180054
1.4405850091407677,0.84375,0.4739702641963959
1.4424131627056673,0.875,0.4149366319179535
1.4442413162705667,0.84375,0.4920708239078522
1.4460694698354661,0.9375,0.3976409435272217
1.4478976234003658,0.8125,0.5133859515190125
1.449725776965265,0.9375,0.3825005888938904
1.4515539305301646,0.9375,0.4011354446411133
1.453382084095064,0.875,0.43041515350341797
1.4552102376599634,0.78125,0.49559104442596436
1.457038391224863,0.84375,0.45970746874809265
1.4588665447897624,0.9375,0.38771092891693115
1.4606946983546618,0.8125,0.49555638432502747
1.4625228519195612,0.875,0.4058898091316223
1.4643510054844606,0.90625,0.43389666080474854
1.4661791590493602,0.9375,0.3979358971118927
1.4680073126142597,0.90625,0.4177889823913574
1.469835466179159,0.90625,0.42419710755348206
1.4716636197440585,0.78125,0.518074631690979
1.4734917733089579,0.84375,0.47085121273994446
1.4753199268738575,0.875,0.44513264298439026
1.477148080438757,0.875,0.42737776041030884
1.4789762340036563,0.96875,0.34905099868774414
1.4808043875685557,0.8125,0.49631422758102417
1.482632541133455,0.875,0.4335305690765381
1.4844606946983547,0.84375,0.4826124310493469
1.4862888482632541,0.96875,0.3423084020614624
1.4881170018281535,0.90625,0.411590576171875
1.489945155393053,0.6875,0.6012283563613892
1.4917733089579523,0.84375,0.4582429826259613
1.493601462522852,0.78125,0.5246778130531311
1.4954296160877514,0.625,0.6423342823982239
1.4972577696526508,0.75,0.5482500195503235
1.4990859232175504,0.8125,0.5277538895606995
1.5009140767824496,0.6875,0.6145327687263489
1.5027422303473492,0.875,0.43415072560310364
1.5045703839122486,0.8125,0.5133726596832275
1.506398537477148,0.8125,0.49450990557670593
1.5082266910420477,0.8125,0.5253224968910217
1.5100548446069468,0.8125,0.5107393860816956
1.5118829981718465,0.84375,0.45414164662361145
1.5137111517367459,0.8125,0.5121279954910278
1.5155393053016453,0.8125,0.5144650340080261
1.517367458866545,0.90625,0.40878045558929443
1.519195612431444,0.71875,0.5925362706184387
1.5210237659963437,0.625,0.6779740452766418
1.522851919561243,0.6875,0.6249635219573975
1.5246800731261425,0.78125,0.5460394620895386
1.5265082266910421,0.8125,0.49388083815574646
1.5283363802559415,0.75,0.5415629744529724
1.530164533820841,0.75,0.5583422183990479
1.5319926873857403,0.78125,0.5271275639533997
1.5338208409506398,0.90625,0.41341397166252136
1.5356489945155394,0.8125,0.5145840048789978
1.5374771480804388,0.875,0.44188135862350464
1.5393053016453382,0.75,0.575452983379364
1.5411334552102378,0.6875,0.6236459612846375
1.542961608775137,0.71875,0.5714755654335022
1.5447897623400366,0.9375,0.38307425379753113
1.546617915904936,0.6875,0.5936216115951538
1.5484460694698354,0.71875,0.5859449505805969
1.550274223034735,0.71875,0.6007066965103149
1.5521023765996342,0.71875,0.5958605408668518
1.5539305301645339,0.78125,0.5307601094245911
1.5557586837294333,0.6875,0.6040247082710266
1.5575868372943327,0.65625,0.6239274740219116
1.5594149908592323,0.625,0.6646204590797424
1.5612431444241315,0.71875,0.5845009684562683
1.563071297989031,0.75,0.547623336315155
1.5648994515539305,0.78125,0.5574625134468079
1.56672760511883,0.84375,0.47585663199424744
1.5685557586837295,0.71875,0.5814840793609619
1.5703839122486287,0.875,0.4404067397117615
1.5722120658135283,0.71875,0.5798907279968262
1.5740402193784278,0.90625,0.4374788701534271
1.5758683729433272,0.5,0.7997797131538391
1.5776965265082268,0.625,0.676959753036499
1.5795246800731262,0.8125,0.5090628266334534
1.5813528336380256,0.78125,0.4964140057563782
1.583180987202925,0.78125,0.5260640978813171
1.5850091407678244,0.90625,0.389897882938385
1.586837294332724,0.71875,0.5651679635047913
1.5886654478976234,0.84375,0.4623620808124542
1.5904936014625228,0.65625,0.6468452215194702
1.5923217550274225,0.875,0.4582482874393463
1.5941499085923216,0.90625,0.4281882643699646
1.5959780621572213,0.8125,0.4958001971244812
1.5978062157221207,0.71875,0.5914424061775208
1.59963436928702,0.84375,0.4635534882545471
1.6014625228519197,0.71875,0.5926001071929932
1.6032906764168189,0.875,0.4550878703594208
1.6051188299817185,0.84375,0.4743150770664215
1.606946983546618,0.75,0.56512850522995
1.6087751371115173,0.875,0.43122780323028564
1.610603290676417,0.8125,0.48354387283325195
1.6124314442413161,0.78125,0.5513128638267517
1.6142595978062158,0.78125,0.5312547087669373
1.6160877513711152,0.78125,0.5248696804046631
1.6179159049360146,0.84375,0.44325166940689087
1.6197440585009142,0.9375,0.3936668634414673
1.6215722120658134,0.84375,0.45228302478790283
1.623400365630713,0.84375,0.45961499214172363
1.6252285191956124,0.84375,0.4807083010673523
1.6270566727605118,0.8125,0.495787113904953
1.6288848263254114,0.8125,0.49339690804481506
1.6307129798903108,0.90625,0.40062642097473145
1.6325411334552102,0.84375,0.4523839056491852
1.6343692870201096,0.90625,0.4165070652961731
1.636197440585009,0.90625,0.4104531407356262
1.6380255941499087,0.8125,0.4807991683483124
1.639853747714808,0.90625,0.4013683795928955
1.6416819012797075,0.90625,0.39914968609809875
1.643510054844607,0.71875,0.525148332118988
1.6453382084095063,0.8125,0.49910005927085876
1.647166361974406,0.84375,0.4942598044872284
1.6489945155393053,0.875,0.4197174310684204
1.6508226691042047,0.90625,0.4273277223110199
1.6526508226691043,0.84375,0.5039178133010864
1.6544789762340035,0.75,0.5420368313789368
1.6563071297989032,0.84375,0.4670107662677765
1.6581352833638026,0.90625,0.39666029810905457
1.659963436928702,0.8125,0.4892355799674988
1.6617915904936016,0.8125,0.5057581663131714
1.6636197440585008,0.9375,0.3526470363140106
1.6654478976234004,0.84375,0.4863381087779999
1.6672760511882998,0.75,0.5297356843948364
1.6691042047531992,0.8125,0.45544368028640747
1.6709323583180988,0.8125,0.46919992566108704
1.672760511882998,0.90625,0.42915382981300354
1.6745886654478976,0.84375,0.47883883118629456
1.676416819012797,0.6875,0.5920976996421814
1.6782449725776964,0.875,0.44199055433273315
1.680073126142596,0.84375,0.4626312851905823
1.6819012797074955,0.90625,0.4100034236907959
1.6837294332723949,0.78125,0.5281786918640137
1.6855575868372943,0.9375,0.3620479106903076
1.6873857404021937,0.8125,0.48663410544395447
1.6892138939670933,0.84375,0.4715147018432617
1.6910420475319927,0.84375,0.47579288482666016
1.6928702010968921,0.6875,0.5794436931610107
1.6946983546617918,0.8125,0.49089786410331726
1.696526508226691,0.6875,0.6278657913208008
1.6983546617915906,0.75,0.5573533177375793
1.70018281535649,0.90625,0.40952998399734497
1.7020109689213894,0.9375,0.3816760182380676
1.703839122486289,0.6875,0.5897637605667114
1.7056672760511882,0.8125,0.4980788826942444
1.7074954296160878,0.71875,0.5663067102432251
1.7093235831809872,0.84375,0.45966359972953796
1.7111517367458866,0.8125,0.5109987258911133
1.7129798903107862,0.71875,0.5999804139137268
1.7148080438756854,0.875,0.4523223638534546
1.716636197440585,0.9375,0.37085267901420593
1.7184643510054844,0.90625,0.41889187693595886
1.7202925045703839,0.8125,0.4972885251045227
1.7221206581352835,0.84375,0.4771886169910431
1.7239488117001827,0.875,0.45330697298049927
1.7257769652650823,0.875,0.43896618485450745
1.7276051188299817,0.6875,0.5833821296691895
1.729433272394881,0.875,0.42036259174346924
1.7312614259597807,0.75,0.5302929878234863
1.7330895795246801,0.84375,0.4592883884906769
1.7349177330895795,0.8125,0.5156470537185669
1.736745886654479,0.5625,0.7093818783760071
1.7385740402193783,0.75,0.5619951486587524
1.740402193784278,0.78125,0.5279995203018188
1.7422303473491774,0.84375,0.4525211453437805
1.7440585009140768,0.71875,0.5813129544258118
1.7458866544789764,0.8125,0.4945347309112549
1.7477148080438756,0.71875,0.5641180276870728
1.7495429616087752,0.8125,0.4915561079978943
1.7513711151736746,0.875,0.4250413179397583
1.753199268738574,0.65625,0.6232463717460632
1.7550274223034736,0.71875,0.5801864862442017
1.7568555758683728,0.6875,0.5990025997161865
1.7586837294332724,0.875,0.4248597323894501
1.7605118829981719,0.8125,0.4972466826438904
1.7623400365630713,0.8125,0.4971567392349243
1.7641681901279709,0.78125,0.5175349116325378
1.76599634369287,0.65625,0.6435324549674988
1.7678244972577697,0.875,0.4516790807247162
1.769652650822669,0.75,0.573844850063324
1.7714808043875685,0.6875,0.6071621179580688
1.7733089579524681,0.75,0.5065736174583435
1.7751371115173673,0.78125,0.5378375053405762
1.776965265082267,0.71875,0.591137170791626
1.7787934186471663,0.8125,0.5042001008987427
1.7806215722120657,0.78125,0.5020659565925598
1.7824497257769654,0.875,0.40674519538879395
1.7842778793418648,0.9375,0.3827442228794098
1.7861060329067642,0.75,0.5586468577384949
1.7879341864716636,0.71875,0.5574946999549866
1.789762340036563,0.75,0.546421229839325
1.7915904936014626,0.875,0.40010032057762146
1.793418647166362,0.90625,0.39871397614479065
1.7952468007312614,0.84375,0.46764063835144043
1.797074954296161,0.9375,0.4165803790092468
1.7989031078610602,0.90625,0.4469431936740875
1.8007312614259599,0.96875,0.35936444997787476
1.8025594149908593,0.96875,0.36268365383148193
1.8043875685557587,0.90625,0.40179547667503357
1.8062157221206583,0.875,0.4470575749874115
1.8080438756855575,0.8125,0.4716241955757141
1.809872029250457,0.875,0.45118921995162964
1.8117001828153565,0.84375,0.4510974884033203
1.813528336380256,0.75,0.5399357080459595
1.8153564899451555,0.84375,0.47181156277656555
1.8171846435100547,0.6875,0.6141883134841919
1.8190127970749543,0.90625,0.4027274549007416
1.8208409506398537,0.84375,0.4642829895019531
1.8226691042047531,0.625,0.6465964913368225
1.8244972577696528,0.78125,0.5169770121574402
1.826325411334552,0.6875,0.5714164972305298
1.8281535648994516,0.84375,0.45916175842285156
1.829981718464351,0.78125,0.525886595249176
1.8318098720292504,0.71875,0.5398404002189636
1.83363802559415,0.78125,0.5149888396263123
1.8354661791590492,0.75,0.5652924180030823
1.8372943327239488,0.90625,0.4144214987754822
1.8391224862888482,0.78125,0.5180059671401978
1.8409506398537476,0.8125,0.4801867604255676
1.8427787934186473,0.8125,0.4723584055900574
1.8446069469835467,0.9375,0.38881030678749084
1.846435100548446,0.8125,0.4860146939754486
1.8482632541133455,0.8125,0.4782326817512512
1.8500914076782449,0.75,0.5674517154693604
1.8519195612431445,0.875,0.4516630470752716
1.853747714808044,0.75,0.5149591565132141
1.8555758683729433,0.75,0.49644768238067627
1.857404021937843,0.875,0.4354892671108246
1.8592321755027421,0.84375,0.4809154272079468
1.8610603290676417,0.8125,0.5221142768859863
1.8628884826325411,0.78125,0.5264875888824463
1.8647166361974405,0.84375,0.4502871334552765
1.8665447897623402,0.90625,0.42933133244514465
1.8683729433272394,0.78125,0.5280741453170776
1.870201096892139,0.90625,0.37913036346435547
1.8720292504570384,0.96875,0.398406058549881
1.8738574040219378,0.71875,0.5828231573104858
1.8756855575868374,0.75,0.5271762013435364
1.8775137111517366,0.90625,0.4646405577659607
1.8793418647166362,0.96875,0.35702818632125854
1.8811700182815356,0.84375,0.4387092888355255
1.882998171846435,0.875,0.45258545875549316
1.8848263254113347,0.75,0.5091250538825989
1.8866544789762338,0.78125,0.48473650217056274
1.8884826325411335,0.8125,0.49669086933135986
1.8903107861060329,0.75,0.539474606513977
1.8921389396709323,0.875,0.42619022727012634
1.893967093235832,0.78125,0.5261068940162659
1.8957952468007313,0.75,0.5431657433509827
1.8976234003656307,0.6875,0.605095624923706
1.8994515539305301,0.6875,0.5653995275497437
1.9012797074954295,0.78125,0.5385209918022156
1.9031078610603291,0.5625,0.72907555103302
1.9049360146252285,0.90625,0.43077489733695984
1.906764168190128,0.59375,0.683987021446228
1.9085923217550276,0.84375,0.4343898892402649
1.9104204753199268,0.71875,0.5805434584617615
1.9122486288848264,0.875,0.4258947968482971
1.9140767824497258,0.71875,0.5949723720550537
1.9159049360146252,0.75,0.5495824217796326
1.9177330895795248,0.8125,0.5097749829292297
1.919561243144424,0.78125,0.5428330898284912
1.9213893967093236,0.65625,0.6174924969673157
1.923217550274223,0.875,0.47659197449684143
1.9250457038391224,0.8125,0.4968421459197998
1.926873857404022,0.75,0.5286757946014404
1.9287020109689212,0.625,0.6318145990371704
1.9305301645338209,0.75,0.572169303894043
1.9323583180987203,0.6785714626312256,0.5813952684402466
1.9341864716636197,0.78125,0.5467543601989746
1.9360146252285193,0.78125,0.5298503637313843
1.9378427787934185,0.6875,0.6118239760398865
1.9396709323583181,0.78125,0.5349711179733276
1.9414990859232175,0.78125,0.532277524471283
1.943327239488117,0.75,0.5617998838424683
1.9451553930530165,0.78125,0.53266841173172
1.946983546617916,0.875,0.44215357303619385
1.9488117001828154,0.75,0.5551930665969849
1.9506398537477148,0.8125,0.49915218353271484
1.9524680073126142,0.78125,0.5325939655303955
1.9542961608775138,0.84375,0.4696137607097626
1.9561243144424132,0.8125,0.5051464438438416
1.9579524680073126,0.8125,0.5050452351570129
1.9597806215722122,0.78125,0.5313552021980286
1.9616087751371114,0.8125,0.4778577387332916
1.963436928702011,0.6875,0.6340893507003784
1.9652650822669104,0.6875,0.611923336982727
1.9670932358318098,0.71875,0.5805015563964844
1.9689213893967095,0.71875,0.5856822729110718
1.9707495429616086,0.8125,0.4944511651992798
1.9725776965265083,0.75,0.557231068611145
1.9744058500914077,0.8125,0.5024384260177612
1.976234003656307,0.625,0.6995834708213806
1.9780621572212067,0.65625,0.6492181420326233
1.979890310786106,0.65625,0.645188570022583
1.9817184643510055,0.71875,0.5663796067237854
1.983546617915905,0.8125,0.49696069955825806
1.9853747714808043,0.84375,0.47659316658973694
1.987202925045704,0.84375,0.47580134868621826
1.9890310786106031,0.78125,0.5258519649505615
1.9908592321755028,0.71875,0.5826279520988464
1.9926873857404022,0.71875,0.6116188168525696
1.9945155393053016,0.65625,0.649722695350647
1.9963436928702012,0.6875,0.6280062198638916
1.9981718464351006,0.6875,0.5961713790893555
2.0,0.78125,0.5226752758026123
2.0018281535648996,0.71875,0.5698922872543335
2.003656307129799,0.8125,0.48025059700012207
2.0054844606946984,0.75,0.5795873403549194
2.0073126142595976,0.6875,0.6001306176185608
2.0091407678244972,0.8125,0.47055214643478394
2.010968921389397,0.71875,0.6060410737991333
2.012797074954296,0.78125,0.5150063633918762
2.0146252285191957,0.875,0.47324976325035095
2.016453382084095,0.875,0.4611765444278717
2.0182815356489945,0.8125,0.502777099609375
2.020109689213894,0.6875,0.5609748959541321
2.0219378427787933,0.84375,0.4583892226219177
2.023765996343693,0.84375,0.43412500619888306
2.025594149908592,0.8125,0.5098868012428284
2.0274223034734917,0.75,0.4998224973678589
2.0292504570383914,0.90625,0.4369599521160126
2.0310786106032905,0.71875,0.5936915874481201
2.03290676416819,0.78125,0.5350516438484192
2.03473491773309,0.75,0.5223982334136963
2.036563071297989,0.875,0.4444863200187683
2.0383912248628886,0.84375,0.42321091890335083
2.0402193784277878,0.875,0.43253934383392334
2.0420475319926874,0.8125,0.4904809594154358
2.043875685557587,0.78125,0.4960373640060425
2.045703839122486,0.78125,0.5143645405769348
2.047531992687386,0.9375,0.3998696804046631
2.049360146252285,0.8125,0.48041531443595886
2.0511882998171846,0.875,0.4188232719898224
2.0530164533820843,0.875,0.4423166811466217
2.0548446069469835,0.875,0.45828089118003845
2.056672760511883,0.84375,0.4538160562515259
2.0585009140767823,0.875,0.42034095525741577
2.060329067641682,0.90625,0.44049233198165894
2.0621572212065815,0.8125,0.4878644645214081
2.0639853747714807,0.96875,0.3641277849674225
2.0658135283363803,0.78125,0.5308772325515747
2.0676416819012795,0.84375,0.4737743139266968
2.069469835466179,0.8125,0.47879624366760254
2.0712979890310788,0.875,0.4429697096347809
2.073126142595978,0.8125,0.475140243768692
2.0749542961608776,0.9375,0.40786051750183105
2.076782449725777,0.8125,0.5037567019462585
2.0786106032906764,0.875,0.43585628271102905
2.080438756855576,0.875,0.4386158585548401
2.082266910420475,0.875,0.43807563185691833
2.084095063985375,0.84375,0.47416895627975464
2.0859232175502744,0.78125,0.5213956236839294
2.0877513711151736,0.78125,0.5317673683166504
2.0895795246800732,0.875,0.43826326727867126
2.0914076782449724,0.90625,0.40733426809310913
2.093235831809872,0.75,0.5652554631233215
2.0950639853747717,0.84375,0.4698140621185303
2.096892138939671,0.90625,0.4070897698402405
2.0987202925045705,0.8125,0.5003232359886169
2.1005484460694697,0.84375,0.4695468246936798
2.1023765996343693,0.875,0.43894338607788086
2.104204753199269,0.8125,0.5007139444351196
2.106032906764168,0.875,0.43841472268104553
2.1078610603290677,0.90625,0.4077742099761963
2.109689213893967,0.71875,0.5943319797515869
2.1115173674588665,0.8125,0.5016041398048401
2.113345521023766,0.875,0.43852877616882324
2.1151736745886653,0.71875,0.5940195918083191
2.117001828153565,0.875,0.438461571931839
2.118829981718464,0.8125,0.501006007194519
2.1206581352833638,0.84375,0.4695751965045929
2.1224862888482634,0.84375,0.4686426520347595
2.1243144424131626,0.8125,0.5009376406669617
2.126142595978062,0.84375,0.4698393940925598
2.1279707495429614,0.78125,0.5318725109100342
2.129798903107861,0.9375,0.3765234351158142
2.1316270566727606,0.78125,0.5320426225662231
2.13345521023766,0.84375,0.46952399611473083
2.1352833638025595,0.9375,0.37595170736312866
2.137111517367459,0.875,0.4377473294734955
2.1389396709323583,0.78125,0.5320559144020081
2.140767824497258,0.875,0.43805497884750366
2.142595978062157,0.78125,0.5318669080734253
2.1444241316270567,0.75,0.5611917972564697
2.1462522851919563,0.875,0.4381962716579437
2.1480804387568555,0.8125,0.5005561113357544
2.149908592321755,0.84375,0.46798601746559143
2.1517367458866543,0.84375,0.4695294201374054
2.153564899451554,0.8125,0.5003499388694763
2.1553930530164536,0.78125,0.5315985083580017
2.1572212065813527,0.8125,0.5009122490882874
2.1590493601462524,0.9375,0.3757035434246063
2.1608775137111516,0.75,0.5621470212936401
2.162705667276051,0.75,0.5623387098312378
2.164533820840951,0.84375,0.46766459941864014
2.16636197440585,0.875,0.4385152757167816
2.1681901279707496,0.6875,0.6259337663650513
2.170018281535649,0.75,0.5623692274093628
2.1718464351005484,0.71875,0.592953622341156
2.173674588665448,0.71875,0.5917876958847046
2.1755027422303472,0.875,0.4388725161552429
2.177330895795247,0.84375,0.4671003818511963
2.1791590493601465,0.875,0.4364269971847534
2.1809872029250457,0.84375,0.46909254789352417
2.1828153564899453,0.78125,0.5313891768455505
2.1846435100548445,0.90625,0.4111350476741791
2.186471663619744,0.875,0.43859243392944336
2.1882998171846433,0.71875,0.5947644710540771
2.190127970749543,0.8125,0.4994748532772064
2.1919561243144425,0.8125,0.5002010464668274
2.1937842778793417,0.8125,0.4991256296634674
2.1956124314442413,0.78125,0.530814528465271
2.197440585009141,0.84375,0.4685514271259308
2.19926873857404,0.90625,0.4070601463317871
2.2010968921389398,0.71875,0.5921802520751953
2.202925045703839,0.8125,0.5002596378326416
2.2047531992687386,0.90625,0.4059962332248688
2.206581352833638,0.78125,0.5313931703567505
2.2084095063985374,0.8125,0.5014063119888306
2.210237659963437,0.90625,0.4089879095554352
2.212065813528336,0.8125,0.5007653832435608
2.213893967093236,0.90625,0.4048655331134796
2.2157221206581355,0.875,0.43885862827301025
2.2175502742230346,0.75,0.5607663989067078
2.2193784277879343,0.78125,0.5274472236633301
2.2212065813528334,0.84375,0.46910855174064636
2.223034734917733,0.71875,0.5918605923652649
2.2248628884826327,0.6875,0.6233614087104797
2.226691042047532,0.8125,0.4954225718975067
2.2285191956124315,0.78125,0.5275818109512329
2.2303473491773307,0.78125,0.5294099450111389
2.2321755027422303,0.875,0.43848156929016113
2.23400365630713,0.9375,0.3734123408794403
2.235831809872029,0.8125,0.5086727142333984
2.2376599634369287,0.84375,0.48299163579940796
2.2394881170018284,0.875,0.43675822019577026
2.2413162705667276,0.8125,0.5101146101951599
2.243144424131627,0.8125,0.5016573667526245
2.2449725776965264,0.84375,0.469725102186203
2.246800731261426,0.78125,0.5321459174156189
2.2486288848263256,0.8125,0.4989513158798218
2.250457038391225,0.75,0.5641223192214966
2.2522851919561244,0.71875,0.5941116809844971
2.2541133455210236,0.8125,0.501194417476654
2.2559414990859232,0.78125,0.5311528444290161
2.257769652650823,0.84375,0.4720153212547302
2.259597806215722,0.875,0.43879520893096924
2.2614259597806217,0.90625,0.4059295654296875
2.263254113345521,0.875,0.43839359283447266
2.2650822669104205,0.90625,0.4077467918395996
2.26691042047532,0.875,0.4378052055835724
2.2687385740402193,0.78125,0.5311890244483948
2.270566727605119,0.84375,0.46761006116867065
2.272394881170018,0.8125,0.5009985566139221
2.2742230347349177,0.84375,0.46910360455513
2.2760511882998173,0.875,0.43895211815834045
2.2778793418647165,0.6875,0.6232406497001648
2.279707495429616,0.90625,0.4064101576805115
2.2815356489945158,0.84375,0.4696011245250702
2.283363802559415,0.8125,0.4998231828212738
2.2851919561243146,0.78125,0.5299344658851624
2.2870201096892138,0.875,0.443865567445755
2.2888482632541134,0.9375,0.3758969306945801
2.2906764168190126,0.71875,0.5925368070602417
2.292504570383912,0.84375,0.4692418873310089
2.294332723948812,0.875,0.438152551651001
2.296160877513711,0.65625,0.6546632051467896
2.2979890310786106,0.71875,0.5887951850891113
2.2998171846435103,0.84375,0.4681853950023651
2.3016453382084094,0.84375,0.4667263925075531
2.303473491773309,0.78125,0.5286642909049988
2.3053016453382082,0.75,0.5618382692337036
2.307129798903108,0.90625,0.40751326084136963
2.3089579524680075,0.84375,0.46775713562965393
2.3107861060329067,0.90625,0.40851613879203796
2.3126142595978063,0.96875,0.34500330686569214
2.3144424131627055,0.71875,0.5943907499313354
2.316270566727605,0.84375,0.4762707054615021
2.3180987202925047,0.84375,0.47102752327919006
2.319926873857404,0.625,0.6757367849349976
2.3217550274223036,0.84375,0.4696446359157562
2.3235831809872027,0.71875,0.5849668979644775
2.3254113345521024,0.75,0.5595308542251587
2.327239488117002,0.9375,0.3813621997833252
2.329067641681901,0.8125,0.5054914355278015
2.330895795246801,0.90625,0.40414541959762573
2.3327239488117,0.875,0.43861594796180725
2.3345521023765996,0.90625,0.4103437066078186
2.3363802559414992,0.8125,0.5008217096328735
2.3382084095063984,0.96875,0.3484518826007843
2.340036563071298,0.84375,0.47985437512397766
2.3418647166361977,0.8125,0.5016326308250427
2.343692870201097,0.875,0.43821075558662415
2.3455210237659965,0.84375,0.46972617506980896
2.3473491773308957,0.78125,0.515569269657135
2.3491773308957953,0.84375,0.4651956558227539
2.3510054844606945,0.84375,0.45823240280151367
2.352833638025594,0.875,0.43928343057632446
2.3546617915904937,0.84375,0.4696607291698456
2.356489945155393,0.875,0.4377879798412323
2.3583180987202925,0.90625,0.4074556231498718
2.360146252285192,0.84375,0.47512346506118774
2.3619744058500913,0.875,0.43693244457244873
2.363802559414991,0.71875,0.5745214223861694
2.36563071297989,0.8125,0.5002439618110657
2.3674588665447898,0.8125,0.5040367841720581
2.3692870201096894,0.84375,0.48051178455352783
2.3711151736745886,0.875,0.44523894786834717
2.372943327239488,0.84375,0.44491928815841675
2.3747714808043874,0.8125,0.5080708861351013
2.376599634369287,0.75,0.5435798168182373
2.3784277879341866,0.8125,0.47632715106010437
2.380255941499086,0.4375,0.834487795829773
2.3820840950639854,0.5,0.7715604901313782
2.383912248628885,0.78125,0.5324780941009521
2.3857404021937842,0.625,0.6647332906723022
2.387568555758684,0.71875,0.5697779059410095
2.389396709323583,0.9375,0.4001155495643616
2.3912248628884827,0.9375,0.3963293433189392
2.393053016453382,0.84375,0.4810903072357178
2.3948811700182815,0.90625,0.4170970916748047
2.396709323583181,0.75,0.5356441736221313
2.3985374771480803,0.8125,0.5148280262947083
2.40036563071298,0.84375,0.47484418749809265
2.4021937842778796,0.78125,0.5039042830467224
2.4040219378427787,0.53125,0.7194315195083618
2.4058500914076784,0.625,0.6240276098251343
2.4076782449725775,0.65625,0.5894280672073364
2.409506398537477,0.71875,0.5691443085670471
2.411334552102377,0.875,0.45048725605010986
2.413162705667276,0.8125,0.5013753175735474
2.4149908592321756,0.78125,0.5431602597236633
2.416819012797075,0.84375,0.4723491966724396
2.4186471663619744,0.78125,0.47793111205101013
2.420475319926874,0.8125,0.5274440050125122
2.422303473491773,0.71875,0.5516660809516907
2.424131627056673,0.78125,0.5080265402793884
2.425959780621572,0.75,0.5482079386711121
2.4277879341864717,0.6875,0.5863668918609619
2.4296160877513713,0.5625,0.700086236000061
2.4314442413162705,0.90625,0.442025363445282
2.43327239488117,0.5625,0.6112805008888245
2.4351005484460693,1.0,0.35194528102874756
2.436928702010969,0.84375,0.46466684341430664
2.4387568555758685,0.9375,0.4060744047164917
2.4405850091407677,0.75,0.5362850427627563
2.4424131627056673,0.78125,0.5214862823486328
2.444241316270567,0.875,0.43470683693885803
2.446069469835466,0.90625,0.4069705605506897
2.4478976234003658,0.875,0.43014416098594666
2.449725776965265,0.78125,0.5110411643981934
2.4515539305301646,0.875,0.42938604950904846
2.4533820840950638,0.875,0.4324122369289398
2.4552102376599634,0.875,0.4384435713291168
2.457038391224863,0.59375,0.6502974033355713
2.458866544789762,0.75,0.5414992570877075
2.460694698354662,0.65625,0.5955532193183899
2.4625228519195614,0.8125,0.46702060103416443
2.4643510054844606,0.96875,0.3865588903427124
2.4661791590493602,0.9375,0.402398943901062
2.4680073126142594,0.75,0.5547859072685242
2.469835466179159,0.59375,0.6177561283111572
2.4716636197440587,0.8125,0.5317246317863464
2.473491773308958,0.75,0.5150402188301086
2.4753199268738575,0.75,0.5425034761428833
2.4771480804387567,0.8125,0.4893573224544525
2.4789762340036563,0.90625,0.44671404361724854
2.480804387568556,0.75,0.5351964831352234
2.482632541133455,0.8125,0.4517113268375397
2.4844606946983547,0.875,0.4865545332431793
2.4862888482632544,0.9375,0.4159010946750641
2.4881170018281535,0.9375,0.4250284731388092
2.489945155393053,0.84375,0.4793665111064911
2.4917733089579523,0.84375,0.4661252200603485
2.493601462522852,0.96875,0.3695043623447418
2.495429616087751,0.6875,0.5993292331695557
2.497257769652651,0.875,0.4433607757091522
2.4990859232175504,0.875,0.44307148456573486
2.5009140767824496,1.0,0.3283328711986542
2.502742230347349,0.96875,0.3749519884586334
2.504570383912249,0.90625,0.42141735553741455
2.506398537477148,0.875,0.4301603436470032
2.5082266910420477,0.9375,0.38213735818862915
2.510054844606947,0.90625,0.40680330991744995
2.5118829981718465,0.84375,0.47361335158348083
2.5137111517367456,0.875,0.4653726816177368
2.5155393053016453,0.875,0.4306536614894867
2.517367458866545,0.875,0.41754350066185
2.519195612431444,0.9375,0.38059529662132263
2.5210237659963437,0.90625,0.4147116541862488
2.5228519195612433,0.90625,0.410579115152359
2.5246800731261425,0.96875,0.35061049461364746
2.526508226691042,0.9375,0.3893992304801941
2.5283363802559418,1.0,0.3717459440231323
2.530164533820841,0.96875,0.3604699671268463
2.53199268738574,0.875,0.4338039755821228
2.5338208409506398,0.90625,0.4232672452926636
2.5356489945155394,0.9375,0.36802202463150024
2.5374771480804386,0.84375,0.4586555063724518
2.539305301645338,0.84375,0.4631412923336029
2.541133455210238,0.96875,0.3490782380104065
2.542961608775137,0.84375,0.46057969331741333
2.5447897623400366,0.84375,0.45023900270462036
2.5466179159049362,0.84375,0.5044975280761719
2.5484460694698354,0.9375,0.39424753189086914
2.550274223034735,0.84375,0.47941601276397705
2.5521023765996342,0.78125,0.5082184076309204
2.553930530164534,0.84375,0.45733407139778137
2.555758683729433,0.90625,0.4174213409423828
2.5575868372943327,0.875,0.43393436074256897
2.5594149908592323,0.9375,0.3811459541320801
2.5612431444241315,0.90625,0.4086284041404724
2.563071297989031,0.9375,0.41259121894836426
2.5648994515539307,0.96875,0.35767465829849243
2.56672760511883,0.90625,0.39560627937316895
2.5685557586837295,0.78125,0.5355246663093567
2.5703839122486287,0.875,0.4197615385055542
2.5722120658135283,0.90625,0.37907859683036804
2.5740402193784275,0.90625,0.4036799967288971
2.575868372943327,0.9375,0.3842797875404358
2.577696526508227,1.0,0.3274954855442047
2.579524680073126,0.96875,0.3468640148639679
2.5813528336380256,0.96875,0.35130491852760315
2.583180987202925,0.90625,0.37718454003334045
2.5850091407678244,0.875,0.413377046585083
2.586837294332724,0.96875,0.3537861704826355
2.5886654478976237,0.8125,0.4781700372695923
2.590493601462523,0.875,0.4243403673171997
2.5923217550274225,0.84375,0.4868098199367523
2.5941499085923216,0.75,0.5394632816314697
2.5959780621572213,0.84375,0.4741804003715515
2.5978062157221204,0.96875,0.3483801782131195
2.59963436928702,0.90625,0.4141087234020233
2.6014625228519197,0.875,0.4439448416233063
2.603290676416819,0.84375,0.4718683063983917
2.6051188299817185,0.96875,0.34935444593429565
2.606946983546618,0.84375,0.45670226216316223
2.6087751371115173,0.90625,0.38013947010040283
2.610603290676417,0.90625,0.39994707703590393
2.612431444241316,0.78125,0.4922419488430023
2.6142595978062158,0.78125,0.5230730772018433
2.616087751371115,0.8125,0.4745035171508789
2.6179159049360146,0.90625,0.39067310094833374
2.619744058500914,0.84375,0.4588075280189514
2.6215722120658134,0.84375,0.47550109028816223
2.623400365630713,0.875,0.42889878153800964
2.6252285191956126,0.96875,0.3612317740917206
2.627056672760512,0.875,0.4194796681404114
2.6288848263254114,0.875,0.4465315639972687
2.630712979890311,0.90625,0.4481411874294281
2.6325411334552102,0.9375,0.37970542907714844
2.6343692870201094,0.6875,0.6043197512626648
2.636197440585009,0.78125,0.5116088390350342
2.6380255941499087,0.875,0.41116076707839966
2.639853747714808,0.96875,0.3631853461265564
2.6416819012797075,0.875,0.4232664108276367
2.643510054844607,0.78125,0.4867853820323944
2.6453382084095063,0.96875,0.3590371012687683
2.647166361974406,0.84375,0.47527700662612915
2.6489945155393055,0.84375,0.4264610707759857
2.6508226691042047,0.84375,0.4495881497859955
2.6526508226691043,0.8125,0.47137129306793213
2.6544789762340035,0.8125,0.49035656452178955
2.656307129798903,0.8125,0.4972829520702362
2.6581352833638023,0.75,0.49891337752342224
2.659963436928702,0.875,0.4169101119041443
2.6617915904936016,0.96875,0.34220948815345764
2.6636197440585008,0.875,0.45806729793548584
2.6654478976234004,0.90625,0.41190454363822937
2.6672760511883,1.0,0.33312568068504333
2.669104204753199,0.875,0.43571409583091736
2.670932358318099,0.84375,0.4323568046092987
2.672760511882998,0.9375,0.3762333393096924
2.6745886654478976,0.9375,0.38680577278137207
2.676416819012797,0.8125,0.4687983989715576
2.6782449725776964,0.96875,0.368226557970047
2.680073126142596,0.96875,0.3520103096961975
2.6819012797074953,0.875,0.4276784360408783
2.683729433272395,0.875,0.4354386627674103
2.6855575868372945,0.8125,0.46991682052612305
2.6873857404021937,0.90625,0.42502281069755554
2.6892138939670933,0.84375,0.45152050256729126
2.691042047531993,0.75,0.5280974507331848
2.692870201096892,0.8125,0.45272091031074524
2.6946983546617918,0.9375,0.3873404264450073
2.696526508226691,0.8125,0.49973809719085693
2.6983546617915906,0.78125,0.5253571271896362
2.7001828153564897,0.875,0.4660557806491852
2.7020109689213894,0.625,0.6246518492698669
2.703839122486289,0.90625,0.40652433037757874
2.705667276051188,0.90625,0.4184023141860962
2.707495429616088,0.84375,0.44017112255096436
2.7093235831809874,0.96875,0.3528737723827362
2.7111517367458866,0.96875,0.3583841919898987
2.7129798903107862,1.0,0.32728567719459534
2.7148080438756854,0.84375,0.4550192952156067
2.716636197440585,0.875,0.41436538100242615
2.7184643510054842,0.90625,0.38791635632514954
2.720292504570384,0.90625,0.4016479253768921
2.7221206581352835,0.90625,0.4249523878097534
2.7239488117001827,0.90625,0.39224761724472046
2.7257769652650823,0.8125,0.4714062809944153
2.727605118829982,0.90625,0.4052819311618805
2.729433272394881,0.90625,0.393378883600235
2.7312614259597807,0.90625,0.4128672480583191
2.7330895795246803,0.875,0.43079546093940735
2.7349177330895795,0.9375,0.37143799662590027
2.7367458866544787,0.9375,0.37515875697135925
2.7385740402193783,0.96875,0.3753463625907898
2.740402193784278,0.8125,0.47529351711273193
2.742230347349177,0.8125,0.4385199248790741
2.7440585009140768,0.96875,0.3462706208229065
2.7458866544789764,0.9375,0.3671634793281555
2.7477148080438756,0.9375,0.38794225454330444
2.749542961608775,0.96875,0.3455187678337097
2.751371115173675,0.90625,0.39105135202407837
2.753199268738574,0.9375,0.3996278643608093
2.7550274223034736,0.90625,0.3971216678619385
2.756855575868373,0.9375,0.36911696195602417
2.7586837294332724,0.875,0.42240220308303833
2.7605118829981716,0.90625,0.398446649312973
2.7623400365630713,0.84375,0.4399712085723877
2.764168190127971,0.9375,0.4121915102005005
2.76599634369287,0.9375,0.38225334882736206
2.7678244972577697,0.90625,0.4318031072616577
2.7696526508226693,0.9375,0.36867550015449524
2.7714808043875685,0.875,0.41478458046913147
2.773308957952468,1.0,0.3358181118965149
2.7751371115173673,0.90625,0.3888869285583496
2.776965265082267,0.875,0.43661069869995117
2.778793418647166,0.8125,0.4933599829673767
2.7806215722120657,0.65625,0.6000900268554688
2.7824497257769654,0.90625,0.41840633749961853
2.7842778793418645,0.96875,0.3555859327316284
2.786106032906764,0.9375,0.36890411376953125
2.787934186471664,0.875,0.41993287205696106
2.789762340036563,0.90625,0.3940219581127167
2.7915904936014626,0.84375,0.4586571753025055
2.7934186471663622,0.8125,0.4794628620147705
2.7952468007312614,0.84375,0.470159113407135
2.797074954296161,0.9375,0.3831276297569275
2.7989031078610602,0.9375,0.3690783381462097
2.80073126142596,0.9375,0.38565370440483093
2.802559414990859,0.9375,0.3835795521736145
2.8043875685557587,0.875,0.431150883436203
2.8062157221206583,0.96875,0.355231910943985
2.8080438756855575,0.9375,0.3771129250526428
2.809872029250457,0.8125,0.4590761959552765
2.8117001828153567,0.9375,0.3787887394428253
2.813528336380256,0.9375,0.39795807003974915
2.8153564899451555,0.90625,0.39216893911361694
2.8171846435100547,0.875,0.4557550251483917
2.8190127970749543,0.9375,0.36900773644447327
2.8208409506398535,1.0,0.31760281324386597
2.822669104204753,0.9375,0.3548571467399597
2.8244972577696528,0.9375,0.37455081939697266
2.826325411334552,0.90625,0.4051380753517151
2.8281535648994516,1.0,0.3401087522506714
2.829981718464351,0.9375,0.3643551170825958
2.8318098720292504,0.96875,0.35243964195251465
2.83363802559415,0.90625,0.423027366399765
2.835466179159049,0.90625,0.3980617821216583
2.837294332723949,0.9375,0.3853011131286621
2.839122486288848,0.875,0.4349002540111542
2.8409506398537476,0.90625,0.42190995812416077
2.8427787934186473,0.9375,0.3842882513999939
2.8446069469835464,0.9375,0.3628140389919281
2.846435100548446,0.96875,0.35651496052742004
2.8482632541133457,0.9375,0.40010949969291687
2.850091407678245,0.90625,0.3904125392436981
2.8519195612431445,0.875,0.41964012384414673
2.853747714808044,0.75,0.5398988723754883
2.8555758683729433,0.8125,0.49630916118621826
2.857404021937843,0.90625,0.4150271713733673
2.859232175502742,0.9375,0.37908226251602173
2.8610603290676417,0.96875,0.36361414194107056
2.862888482632541,0.9375,0.371412068605423
2.8647166361974405,0.90625,0.409818172454834
2.86654478976234,0.90625,0.3936728537082672
2.8683729433272394,0.90625,0.40433889627456665
2.870201096892139,0.8125,0.4759043753147125
2.8720292504570386,0.875,0.4236682057380676
2.873857404021938,0.875,0.44823017716407776
2.8756855575868374,1.0,0.3251097500324249
2.8775137111517366,0.90625,0.4032087028026581
2.8793418647166362,0.96875,0.3458702564239502
2.8811700182815354,0.8125,0.4829901158809662
2.882998171846435,0.84375,0.4545886814594269
2.8848263254113347,0.90625,0.39733293652534485
2.886654478976234,0.9375,0.37860289216041565
2.8884826325411335,0.9375,0.35734108090400696
2.890310786106033,0.9375,0.3909974694252014
2.8921389396709323,0.9375,0.36880290508270264
2.893967093235832,0.96875,0.3604303002357483
2.8957952468007315,0.9375,0.39796730875968933
2.8976234003656307,0.84375,0.4522412121295929
2.89945155393053,0.96875,0.36721253395080566
2.9012797074954295,0.9375,0.37762340903282166
2.903107861060329,0.9375,0.3548886179924011
2.9049360146252283,0.96875,0.3504182994365692
2.906764168190128,0.84375,0.44545289874076843
2.9085923217550276,0.84375,0.4696691334247589
2.9104204753199268,0.875,0.42941322922706604
2.9122486288848264,0.96875,0.36211469769477844
2.914076782449726,0.84375,0.45967021584510803
2.915904936014625,0.875,0.43914347887039185
2.917733089579525,0.84375,0.47487151622772217
2.919561243144424,0.90625,0.4234689176082611
2.9213893967093236,0.90625,0.3988577127456665
2.923217550274223,0.84375,0.4703599214553833
2.9250457038391224,0.90625,0.40164369344711304
2.926873857404022,0.84375,0.4538295269012451
2.9287020109689212,0.78125,0.5323915481567383
2.930530164533821,0.875,0.4280945360660553
2.9323583180987205,0.9375,0.37834906578063965
2.9341864716636197,0.875,0.43438318371772766
2.9360146252285193,0.9375,0.37971046566963196
2.9378427787934185,0.84375,0.4659768044948578
2.939670932358318,0.84375,0.46533846855163574
2.9414990859232173,0.9375,0.38698652386665344
2.943327239488117,0.9375,0.3764907121658325
2.9451553930530165,0.90625,0.39549940824508667
2.9469835466179157,0.96875,0.34698784351348877
2.9488117001828154,0.875,0.43191981315612793
2.950639853747715,0.84375,0.4688361883163452
2.952468007312614,0.71875,0.5797368288040161
2.954296160877514,0.65625,0.6515251398086548
2.9561243144424134,0.65625,0.6308813095092773
2.9579524680073126,0.53125,0.7641786932945251
2.9597806215722122,0.625,0.6540409326553345
2.9616087751371114,0.5,0.8077935576438904
2.963436928702011,0.46875,0.8137726783752441
2.96526508226691,0.4375,0.8525907397270203
2.96709323583181,0.59375,0.7006083130836487
2.9689213893967095,0.75,0.5690272450447083
2.9707495429616086,0.78125,0.4844287633895874
2.9725776965265083,0.875,0.44208499789237976
2.974405850091408,0.875,0.431751549243927
2.976234003656307,0.9642857313156128,0.3555161952972412
2.9780621572212067,0.90625,0.3825470507144928
2.979890310786106,0.9375,0.3736981749534607
2.9817184643510055,0.8125,0.4753292500972748
2.9835466179159047,0.8125,0.5112748742103577
2.9853747714808043,0.9375,0.39874446392059326
2.987202925045704,0.9375,0.3731570243835449
2.989031078610603,0.875,0.4330933690071106
2.9908592321755028,0.9375,0.3696114718914032
2.9926873857404024,0.96875,0.37639570236206055
2.9945155393053016,0.90625,0.42745405435562134
2.996343692870201,0.875,0.42619916796684265
2.998171846435101,0.875,0.44270288944244385
3.0,0.96875,0.3804950416088104
3.0018281535648996,0.84375,0.48257189989089966
3.003656307129799,0.90625,0.40681320428848267
3.0054844606946984,0.875,0.40707463026046753
3.0073126142595976,0.90625,0.43017175793647766
3.0091407678244972,0.875,0.41512468457221985
3.010968921389397,0.96875,0.3537163734436035
3.012797074954296,0.9375,0.3748970031738281
3.0146252285191957,0.96875,0.36153849959373474
3.016453382084095,0.90625,0.3994731307029724
3.0182815356489945,0.9375,0.3792541027069092
3.020109689213894,0.90625,0.3966088891029358
3.0219378427787933,0.96875,0.36913979053497314
3.023765996343693,0.90625,0.41583800315856934
3.025594149908592,0.875,0.41197511553764343
3.0274223034734917,0.96875,0.35048121213912964
3.0292504570383914,0.8125,0.4849793612957001
3.0310786106032905,0.9375,0.3619832992553711
3.03290676416819,0.875,0.420237272977829
3.03473491773309,1.0,0.31908515095710754
3.036563071297989,0.9375,0.37770435214042664
3.0383912248628886,0.9375,0.36787939071655273
3.0402193784277878,0.90625,0.3752889037132263
3.0420475319926874,0.875,0.4403734505176544
3.043875685557587,0.96875,0.334055095911026
3.045703839122486,0.96875,0.3435618281364441
3.047531992687386,0.84375,0.46555468440055847
3.049360146252285,0.9375,0.3710884749889374
3.0511882998171846,0.96875,0.3541989028453827
3.0530164533820843,0.96875,0.33649423718452454
3.0548446069469835,0.96875,0.34633776545524597
3.056672760511883,0.875,0.45071107149124146
3.0585009140767823,0.9375,0.38494133949279785
3.060329067641682,0.96875,0.36915266513824463
3.0621572212065815,0.9375,0.3770754039287567
3.0639853747714807,0.75,0.5530272126197815
3.0658135283363803,0.9375,0.37173932790756226
3.0676416819012795,0.96875,0.3512764573097229
3.069469835466179,0.875,0.41306060552597046
3.0712979890310788,0.9375,0.38844993710517883
3.073126142595978,0.96875,0.35117673873901367
3.0749542961608776,0.9375,0.3959198594093323
3.076782449725777,0.75,0.5590299963951111
3.0786106032906764,0.84375,0.4555608928203583
3.080438756855576,0.90625,0.4210110008716583
3.082266910420475,0.84375,0.4514633119106293
3.084095063985375,0.9375,0.37072545289993286
3.0859232175502744,1.0,0.33070555329322815
3.0877513711151736,0.8125,0.4368044137954712
3.0895795246800732,0.875,0.4376158118247986
3.0914076782449724,0.875,0.43825557827949524
3.093235831809872,0.90625,0.4033622443675995
3.0950639853747717,0.96875,0.3724502921104431
3.096892138939671,0.84375,0.46132734417915344
3.0987202925045705,0.8125,0.5288181304931641
3.1005484460694697,0.84375,0.45402607321739197
3.1023765996343693,0.90625,0.41765353083610535
3.104204753199269,0.9375,0.379190057516098
3.106032906764168,0.78125,0.45044270157814026
3.1078610603290677,0.875,0.4410749673843384
3.109689213893967,0.875,0.43368273973464966
3.1115173674588665,0.875,0.4378807246685028
3.113345521023766,0.875,0.4226591885089874
3.1151736745886653,0.9375,0.3651077449321747
3.117001828153565,0.90625,0.42094603180885315
3.118829981718464,0.90625,0.4085332155227661
3.1206581352833638,0.875,0.4403401017189026
3.1224862888482634,0.875,0.4405782222747803
3.1243144424131626,0.90625,0.3904370069503784
3.126142595978062,1.0,0.3197321593761444
3.1279707495429614,0.9375,0.3783608675003052
3.129798903107861,0.96875,0.3654961585998535
3.1316270566727606,0.90625,0.3968116343021393
3.13345521023766,0.90625,0.38783878087997437
3.1352833638025595,0.96875,0.34670695662498474
3.137111517367459,0.9375,0.3711117208003998
3.1389396709323583,0.84375,0.45584431290626526
3.140767824497258,1.0,0.32148995995521545
3.142595978062157,0.84375,0.4551756978034973
3.1444241316270567,0.90625,0.40737655758857727
3.1462522851919563,0.90625,0.40928488969802856
3.1480804387568555,1.0,0.32523205876350403
3.149908592321755,0.96875,0.34917742013931274
3.1517367458866543,0.96875,0.34733954071998596
3.153564899451554,0.9375,0.37680214643478394
3.1553930530164536,0.875,0.4303721487522125
3.1572212065813527,0.96875,0.3488004207611084
3.1590493601462524,0.9375,0.3813631534576416
3.1608775137111516,0.96875,0.3621987998485565
3.162705667276051,0.90625,0.4138104319572449
3.164533820840951,0.9375,0.37847936153411865
3.16636197440585,1.0,0.3335571587085724
3.1681901279707496,0.96875,0.3610838055610657
3.170018281535649,1.0,0.3383021950721741
3.1718464351005484,1.0,0.33069130778312683
3.173674588665448,0.90625,0.4042230546474457
3.1755027422303472,0.96875,0.3702171742916107
3.177330895795247,0.9375,0.38019388914108276
3.1791590493601465,0.96875,0.3474594056606293
3.1809872029250457,1.0,0.3323819935321808
3.1828153564899453,0.90625,0.37989893555641174
3.1846435100548445,0.875,0.45285725593566895
3.186471663619744,0.90625,0.43148115277290344
3.1882998171846433,0.90625,0.40279603004455566
3.190127970749543,0.90625,0.37845566868782043
3.1919561243144425,0.96875,0.3291849195957184
3.1937842778793417,0.96875,0.34355247020721436
3.1956124314442413,0.9375,0.37215059995651245
3.197440585009141,0.9375,0.35741403698921204
3.19926873857404,0.875,0.41443562507629395
3.2010968921389398,0.96875,0.3560969829559326
3.202925045703839,0.9375,0.3659498393535614
3.2047531992687386,0.9375,0.3748827278614044
3.206581352833638,0.96875,0.34306588768959045
3.2084095063985374,0.90625,0.41542142629623413
3.210237659963437,0.90625,0.4244925081729889
3.212065813528336,0.9375,0.37663450837135315
3.213893967093236,0.9375,0.3899765908718109
3.2157221206581355,0.96875,0.3415100872516632
3.2175502742230346,0.9375,0.3752408027648926
3.2193784277879343,0.9375,0.366838276386261
3.2212065813528334,0.9375,0.36810362339019775
3.223034734917733,0.96875,0.36532673239707947
3.2248628884826327,0.9375,0.3730930984020233
3.226691042047532,0.96875,0.3374900221824646
3.2285191956124315,0.875,0.40141284465789795
3.2303473491773307,0.96875,0.37508389353752136
3.2321755027422303,0.96875,0.3389100432395935
3.23400365630713,0.9375,0.3737505376338959
3.235831809872029,0.96875,0.34410446882247925
3.2376599634369287,0.9375,0.38020625710487366
3.2394881170018284,0.8125,0.4762032926082611
3.2413162705667276,0.96875,0.33405551314353943
3.243144424131627,0.96875,0.3678525388240814
3.2449725776965264,0.96875,0.3465164601802826
3.246800731261426,0.9375,0.38881975412368774
3.2486288848263256,0.90625,0.4112321734428406
3.250457038391225,0.90625,0.38988572359085083
3.2522851919561244,0.9375,0.3788178861141205
3.2541133455210236,0.96875,0.34673163294792175
3.2559414990859232,0.9375,0.3742368519306183
3.257769652650823,0.9375,0.34234821796417236
3.259597806215722,0.96875,0.3458821773529053
3.2614259597806217,0.9375,0.38133901357650757
3.263254113345521,0.96875,0.3333558738231659
3.2650822669104205,0.9375,0.4022637605667114
3.26691042047532,0.96875,0.3506680130958557
3.2687385740402193,0.96875,0.3476378321647644
3.270566727605119,0.9375,0.38279563188552856
3.272394881170018,0.90625,0.40089669823646545
3.2742230347349177,0.9375,0.3763476610183716
3.2760511882998173,0.9375,0.3787575662136078
3.2778793418647165,0.90625,0.4108293056488037
3.279707495429616,0.9375,0.3612164855003357
3.2815356489945158,0.9375,0.3785151541233063
3.283363802559415,0.875,0.4320864677429199
3.2851919561243146,0.84375,0.446378618478775
3.2870201096892138,0.9375,0.3699835538864136
3.2888482632541134,0.90625,0.37729620933532715
3.2906764168190126,0.84375,0.44860953092575073
3.292504570383912,0.90625,0.39885058999061584
3.294332723948812,0.78125,0.5170848369598389
3.296160877513711,0.90625,0.40683919191360474
3.2979890310786106,0.625,0.664199709892273
3.2998171846435103,0.65625,0.6603872179985046
3.3016453382084094,0.78125,0.5112113952636719
3.303473491773309,0.625,0.6860263347625732
3.3053016453382082,0.59375,0.702100932598114
3.307129798903108,0.6875,0.6041857004165649
3.3089579524680075,0.625,0.6773143410682678
3.3107861060329067,0.78125,0.534251868724823
3.3126142595978063,0.625,0.679351806640625
3.3144424131627055,0.71875,0.5789989233016968
3.316270566727605,0.71875,0.5565034747123718
3.3180987202925047,0.78125,0.5251606702804565
3.319926873857404,0.96875,0.34369388222694397
3.3217550274223036,0.78125,0.5333060622215271
3.3235831809872027,0.90625,0.3801902234554291
3.3254113345521024,0.96875,0.36018040776252747
3.327239488117002,1.0,0.3142855167388916
3.329067641681901,0.875,0.389122873544693
3.330895795246801,0.9375,0.377494752407074
3.3327239488117,0.84375,0.43691641092300415
3.3345521023765996,0.96875,0.3405642807483673
3.3363802559414992,0.90625,0.4047723114490509
3.3382084095063984,1.0,0.3337402939796448
3.340036563071298,0.90625,0.4017185866832733
3.3418647166361977,1.0,0.32280847430229187
3.343692870201097,0.875,0.42052900791168213
3.3455210237659965,0.84375,0.45642906427383423
3.3473491773308957,0.90625,0.3938504457473755
3.3491773308957953,0.875,0.42777276039123535
3.3510054844606945,0.875,0.4540385901927948
3.352833638025594,0.84375,0.47568362951278687
3.3546617915904937,0.875,0.4207839369773865
3.356489945155393,1.0,0.31557697057724
3.3583180987202925,0.9375,0.380801260471344
3.360146252285192,0.9375,0.38550275564193726
3.3619744058500913,0.96875,0.3577754497528076
3.363802559414991,0.9375,0.3712335526943207
3.36563071297989,0.90625,0.40208667516708374
3.3674588665447898,0.96875,0.3385835289955139
3.3692870201096894,0.875,0.42656409740448
3.3711151736745886,0.875,0.439720094203949
3.372943327239488,0.9375,0.3656193017959595
3.3747714808043874,0.875,0.4282502830028534
3.376599634369287,0.96875,0.34088900685310364
3.3784277879341866,0.90625,0.4173581004142761
3.380255941499086,0.875,0.4282429814338684
3.3820840950639854,0.96875,0.3521086275577545
3.383912248628885,0.875,0.42474663257598877
3.3857404021937842,0.96875,0.35595324635505676
3.387568555758684,0.8125,0.4830668270587921
3.389396709323583,0.90625,0.39419853687286377
3.3912248628884827,0.96875,0.3472577631473541
3.393053016453382,0.96875,0.3621423840522766
3.3948811700182815,0.875,0.44017118215560913
3.396709323583181,0.90625,0.40545499324798584
3.3985374771480803,0.9375,0.3590430021286011
3.40036563071298,0.96875,0.345001220703125
3.4021937842778796,0.84375,0.4610225260257721
3.4040219378427787,0.96875,0.34396636486053467
3.4058500914076784,0.90625,0.38004711270332336
3.4076782449725775,0.875,0.43548840284347534
3.409506398537477,0.90625,0.40471696853637695
3.411334552102377,1.0,0.3265034258365631
3.413162705667276,0.9375,0.3687596619129181
3.4149908592321756,1.0,0.3200032413005829
3.416819012797075,0.875,0.4289420545101166
3.4186471663619744,0.9375,0.3858182728290558
3.420475319926874,0.78125,0.5102757215499878
3.422303473491773,0.9375,0.38134634494781494
3.424131627056673,0.96875,0.3595595359802246
3.425959780621572,0.96875,0.35315003991127014
3.4277879341864717,1.0,0.32375916838645935
3.4296160877513713,0.84375,0.45681044459342957
3.4314442413162705,0.9375,0.35953569412231445
3.43327239488117,0.9375,0.37550994753837585
3.4351005484460693,1.0,0.33965590596199036
3.436928702010969,0.84375,0.4668427109718323
3.4387568555758685,0.96875,0.3475532829761505
3.4405850091407677,0.9375,0.3568579852581024
3.4424131627056673,1.0,0.31447628140449524
3.444241316270567,0.9375,0.37778952717781067
3.446069469835466,0.875,0.42443060874938965
3.4478976234003658,0.9375,0.36598309874534607
3.449725776965265,0.96875,0.36241796612739563
3.4515539305301646,0.875,0.44593191146850586
3.4533820840950638,0.84375,0.45757803320884705
3.4552102376599634,0.96875,0.3329879343509674
3.457038391224863,1.0,0.3233475387096405
3.458866544789762,0.90625,0.3980562388896942
3.460694698354662,0.90625,0.40711116790771484
3.4625228519195614,0.9375,0.37891674041748047
3.4643510054844606,0.9375,0.35733625292778015
3.4661791590493602,0.84375,0.47296106815338135
3.4680073126142594,0.875,0.4396160840988159
3.469835466179159,0.9375,0.3833193778991699
3.4716636197440587,1.0,0.3145293593406677
3.473491773308958,0.875,0.44513022899627686
3.4753199268738575,0.96875,0.34740298986434937
3.4771480804387567,0.96875,0.3462531268596649
3.4789762340036563,0.90625,0.380431205034256
3.480804387568556,0.84375,0.4528922140598297
3.482632541133455,0.875,0.43308889865875244
3.4844606946983547,0.8125,0.4668520390987396
3.4862888482632544,0.90625,0.4138491153717041
3.4881170018281535,0.9375,0.37091293931007385
3.489945155393053,0.84375,0.4706752598285675
3.4917733089579523,1.0,0.32778117060661316
3.493601462522852,0.84375,0.4513758420944214
3.495429616087751,0.90625,0.3893308639526367
3.497257769652651,0.90625,0.40838873386383057
3.4990859232175504,0.9375,0.37056970596313477
3.5009140767824496,0.84375,0.4520622491836548
3.502742230347349,0.90625,0.4164769649505615
3.504570383912249,0.78125,0.5032517910003662
3.506398537477148,0.90625,0.40652012825012207
3.5082266910420477,0.84375,0.4574686288833618
3.510054844606947,0.9375,0.3895694315433502
3.5118829981718465,0.875,0.42926982045173645
3.5137111517367456,0.96875,0.34398728609085083
3.5155393053016453,0.9375,0.3676155209541321
3.517367458866545,0.90625,0.41745662689208984
3.519195612431444,0.96875,0.3559516668319702
3.5210237659963437,0.875,0.4434153139591217
3.5228519195612433,0.84375,0.4558984637260437
3.5246800731261425,0.96875,0.3432852625846863
3.526508226691042,0.875,0.43613192439079285
3.5283363802559418,0.875,0.43422582745552063
3.530164533820841,0.9375,0.39997175335884094
3.53199268738574,0.875,0.4264061748981476
3.5338208409506398,0.96875,0.3457724153995514
3.5356489945155394,1.0,0.3166336715221405
3.5374771480804386,0.90625,0.39607998728752136
3.539305301645338,1.0,0.31509268283843994
3.541133455210238,0.90625,0.40445515513420105
3.542961608775137,1.0,0.3312775194644928
3.5447897623400366,0.9375,0.3799986243247986
3.5466179159049362,0.90625,0.39164644479751587
3.5484460694698354,1.0,0.3139626979827881
3.550274223034735,0.90625,0.40693017840385437
3.5521023765996342,0.96875,0.3380275368690491
3.553930530164534,1.0,0.32620769739151
3.555758683729433,0.9375,0.3794440031051636
3.5575868372943327,0.9375,0.3837044835090637
3.5594149908592323,0.8125,0.48116204142570496
3.5612431444241315,0.96875,0.34660428762435913
3.563071297989031,0.9375,0.36006975173950195
3.5648994515539307,0.9375,0.3629389703273773
3.56672760511883,0.90625,0.3850995600223541
3.5685557586837295,0.96875,0.3481404781341553
3.5703839122486287,0.9375,0.38204720616340637
3.5722120658135283,0.90625,0.42742010951042175
3.5740402193784275,0.96875,0.3541485667228699
3.575868372943327,0.96875,0.348260760307312
3.577696526508227,0.9375,0.3711417615413666
3.579524680073126,0.96875,0.36018088459968567
3.5813528336380256,0.9375,0.38534975051879883
3.583180987202925,1.0,0.31665199995040894
3.5850091407678244,0.96875,0.36392927169799805
3.586837294332724,0.875,0.39973682165145874
3.5886654478976237,0.96875,0.36339256167411804
3.590493601462523,0.84375,0.4657836854457855
3.5923217550274225,0.90625,0.3978199362754822
3.5941499085923216,0.875,0.4453181028366089
3.5959780621572213,0.96875,0.3288216292858124
3.5978062157221204,0.90625,0.400105744600296
3.59963436928702,0.9375,0.38183560967445374
3.6014625228519197,0.90625,0.3859585225582123
3.603290676416819,0.9375,0.3814689517021179
3.6051188299817185,0.9375,0.3883281648159027
3.606946983546618,1.0,0.3210880160331726
3.6087751371115173,0.875,0.4231155812740326
3.610603290676417,0.90625,0.3806625008583069
3.612431444241316,0.9375,0.3600430190563202
3.6142595978062158,0.96875,0.34433186054229736
3.616087751371115,0.875,0.4353986382484436
3.6179159049360146,0.84375,0.43262365460395813
3.619744058500914,0.9375,0.37821701169013977
3.6215722120658134,0.90625,0.4183572232723236
3.623400365630713,0.96875,0.35458195209503174
3.6252285191956126,0.90625,0.3759661912918091
3.627056672760512,0.96875,0.3579871654510498
3.6288848263254114,0.90625,0.3999909460544586
3.630712979890311,0.90625,0.41167882084846497
3.6325411334552102,0.9375,0.38742539286613464
3.6343692870201094,0.90625,0.40927866101264954
3.636197440585009,0.9375,0.37568148970603943
3.6380255941499087,0.9375,0.3800296485424042
3.639853747714808,0.9375,0.3767150342464447
3.6416819012797075,0.84375,0.44752630591392517
3.643510054844607,0.96875,0.3461526334285736
3.6453382084095063,0.84375,0.4606395959854126
3.647166361974406,0.9375,0.3605923354625702
3.6489945155393055,0.9375,0.37145906686782837
3.6508226691042047,0.84375,0.45075204968452454
3.6526508226691043,0.9375,0.3574095368385315
3.6544789762340035,0.96875,0.34285441040992737
3.656307129798903,0.9375,0.3667435050010681
3.6581352833638023,0.96875,0.3333871364593506
3.659963436928702,0.96875,0.3448999226093292
3.6617915904936016,0.90625,0.41409972310066223
3.6636197440585008,0.9375,0.36569157242774963
3.6654478976234004,0.875,0.43721863627433777
3.6672760511883,0.875,0.4380674362182617
3.669104204753199,0.875,0.4323723018169403
3.670932358318099,0.84375,0.46875545382499695
3.672760511882998,0.78125,0.5541701912879944
3.6745886654478976,0.90625,0.41898447275161743
3.676416819012797,0.96875,0.3627185821533203
3.6782449725776964,0.90625,0.4199586510658264
3.680073126142596,0.9375,0.37991786003112793
3.6819012797074953,0.96875,0.3481253683567047
3.683729433272395,0.96875,0.3482149839401245
3.6855575868372945,0.96875,0.3514690399169922
3.6873857404021937,0.8125,0.49237117171287537
3.6892138939670933,0.96875,0.32925838232040405
3.691042047531993,0.96875,0.341255784034729
3.692870201096892,0.90625,0.4003714919090271
3.6946983546617918,0.90625,0.38737553358078003
3.696526508226691,0.9375,0.3573414087295532
3.6983546617915906,0.875,0.42318466305732727
3.7001828153564897,0.9375,0.36849111318588257
3.7020109689213894,0.90625,0.3992377519607544
3.703839122486289,1.0,0.3141857087612152
3.705667276051188,0.96875,0.3513074815273285
3.707495429616088,0.96875,0.3434484601020813
3.7093235831809874,0.84375,0.48780497908592224
3.7111517367458866,0.96875,0.34599870443344116
3.7129798903107862,0.90625,0.38846927881240845
3.7148080438756854,0.9375,0.37969130277633667
3.716636197440585,0.9375,0.3764626681804657
3.7184643510054842,0.96875,0.35053297877311707
3.720292504570384,0.9375,0.3539353609085083
3.7221206581352835,0.96875,0.3325251340866089
3.7239488117001827,0.96875,0.3459182679653168
3.7257769652650823,0.9375,0.36073803901672363
3.727605118829982,0.96875,0.34714147448539734
3.729433272394881,1.0,0.3215099275112152
3.7312614259597807,0.875,0.4205888509750366
3.7330895795246803,0.90625,0.38651448488235474
3.7349177330895795,0.96875,0.35000404715538025
3.7367458866544787,0.875,0.4246312975883484
3.7385740402193783,0.9375,0.3731130063533783
3.740402193784278,0.96875,0.3578057289123535
3.742230347349177,0.90625,0.39465656876564026
3.7440585009140768,0.9375,0.3632095754146576
3.7458866544789764,0.96875,0.3297685980796814
3.7477148080438756,0.90625,0.37648165225982666
3.749542961608775,0.9375,0.3783009946346283
3.751371115173675,0.96875,0.3484983444213867
3.753199268738574,0.9375,0.37094947695732117
3.7550274223034736,0.9375,0.37760910391807556
3.756855575868373,0.9375,0.3668285012245178
3.7586837294332724,0.84375,0.4767545461654663
3.7605118829981716,0.90625,0.41277721524238586
3.7623400365630713,0.9375,0.3729236125946045
3.764168190127971,0.875,0.42868301272392273
3.76599634369287,0.96875,0.35194772481918335
3.7678244972577697,0.9375,0.3916311264038086
3.7696526508226693,0.96875,0.3443576991558075
3.7714808043875685,0.84375,0.47199252247810364
3.773308957952468,0.875,0.42542797327041626
3.7751371115173673,0.9375,0.3867154121398926
3.776965265082267,0.90625,0.41309526562690735
3.778793418647166,0.96875,0.34271860122680664
3.7806215722120657,0.90625,0.40881603956222534
3.7824497257769654,0.9375,0.37106937170028687
3.7842778793418645,0.90625,0.4081183969974518
3.786106032906764,0.96875,0.3526020050048828
3.787934186471664,0.96875,0.3539988100528717
3.789762340036563,0.9375,0.3551269769668579
3.7915904936014626,0.90625,0.4007176458835602
3.7934186471663622,0.9375,0.37723854184150696
3.7952468007312614,0.9375,0.3689718544483185
3.797074954296161,0.96875,0.35893261432647705
3.7989031078610602,0.90625,0.41005632281303406
3.80073126142596,0.90625,0.39084717631340027
3.802559414990859,0.9375,0.367705374956131
3.8043875685557587,0.90625,0.4003308117389679
3.8062157221206583,1.0,0.315400630235672
3.8080438756855575,0.9375,0.34928008913993835
3.809872029250457,0.875,0.44965967535972595
3.8117001828153567,0.96875,0.35362929105758667
3.813528336380256,0.96875,0.3346215784549713
3.8153564899451555,0.9375,0.365702748298645
3.8171846435100547,0.875,0.41263288259506226
3.8190127970749543,0.875,0.44100043177604675
3.8208409506398535,0.90625,0.4268305003643036
3.822669104204753,0.9375,0.37577590346336365
3.8244972577696528,0.78125,0.5070511102676392
3.826325411334552,0.90625,0.3840062618255615
3.8281535648994516,1.0,0.31839290261268616
3.829981718464351,0.90625,0.3916991055011749
3.8318098720292504,0.9375,0.3723990321159363
3.83363802559415,0.84375,0.43403205275535583
3.835466179159049,0.90625,0.38731420040130615
3.837294332723949,0.96875,0.34886229038238525
3.839122486288848,0.90625,0.39671266078948975
3.8409506398537476,0.9375,0.37478888034820557
3.8427787934186473,0.9375,0.3797895610332489
3.8446069469835464,1.0,0.3198489248752594
3.846435100548446,0.84375,0.44466304779052734
3.8482632541133457,0.9375,0.39535999298095703
3.850091407678245,1.0,0.35012567043304443
3.8519195612431445,0.9375,0.3839958906173706
3.853747714808044,0.90625,0.39851880073547363
3.8555758683729433,1.0,0.32266491651535034
3.857404021937843,0.875,0.4384734332561493
3.859232175502742,0.8125,0.48828354477882385
3.8610603290676417,0.90625,0.3893647789955139
3.862888482632541,0.9375,0.372184693813324
3.8647166361974405,0.9375,0.3585720658302307
3.86654478976234,1.0,0.3137592673301697
3.8683729433272394,0.90625,0.4070686101913452
3.870201096892139,0.90625,0.3891178369522095
3.8720292504570386,1.0,0.3173673450946808
3.873857404021938,0.96875,0.34833672642707825
3.8756855575868374,0.9375,0.3705385625362396
3.8775137111517366,1.0,0.32775795459747314
3.8793418647166362,0.9375,0.37796634435653687
3.8811700182815354,0.9375,0.362643301486969
3.882998171846435,0.96875,0.3514983355998993
3.8848263254113347,0.96875,0.34268918633461
3.886654478976234,0.875,0.4367664158344269
3.8884826325411335,0.90625,0.3933431804180145
3.890310786106033,0.96875,0.3487909436225891
3.8921389396709323,0.875,0.41405633091926575
3.893967093235832,0.875,0.4393540620803833
3.8957952468007315,0.90625,0.4112716317176819
3.8976234003656307,0.90625,0.3976947069168091
3.89945155393053,1.0,0.31887874007225037
3.9012797074954295,0.90625,0.4048607647418976
3.903107861060329,0.9375,0.37331607937812805
3.9049360146252283,0.9375,0.3735196590423584
3.906764168190128,1.0,0.32132211327552795
3.9085923217550276,0.78125,0.5067980885505676
3.9104204753199268,0.875,0.4249170124530792
3.9122486288848264,1.0,0.3147892653942108
3.914076782449726,0.90625,0.4000137150287628
3.915904936014625,0.96875,0.33144545555114746
3.917733089579525,0.9375,0.3692256808280945
3.919561243144424,0.96875,0.34743160009384155
3.9213893967093236,0.96875,0.3408430814743042
3.923217550274223,1.0,0.32745617628097534
3.9250457038391224,0.96875,0.3319709300994873
3.926873857404022,0.84375,0.4590931236743927
3.9287020109689212,0.90625,0.42856699228286743
3.930530164533821,0.96875,0.3441622853279114
3.9323583180987205,0.84375,0.4609070420265198
3.9341864716636197,0.90625,0.39825189113616943
3.9360146252285193,0.90625,0.39132314920425415
3.9378427787934185,0.96875,0.3453860282897949
3.939670932358318,0.90625,0.3919408917427063
3.9414990859232173,1.0,0.32473716139793396
3.943327239488117,0.875,0.41881072521209717
3.9451553930530165,0.90625,0.3856554329395294
3.9469835466179157,1.0,0.32101020216941833
3.9488117001828154,0.90625,0.39829811453819275
3.950639853747715,0.9375,0.3890821933746338
3.952468007312614,0.90625,0.3984326720237732
3.954296160877514,1.0,0.32466962933540344
3.9561243144424134,0.96875,0.34491193294525146
3.9579524680073126,0.9375,0.3878849744796753
3.9597806215722122,0.96875,0.35370489954948425
3.9616087751371114,0.90625,0.424075186252594
3.963436928702011,0.96875,0.3432125449180603
3.96526508226691,1.0,0.3348529636859894
3.96709323583181,0.90625,0.3742257356643677
3.9689213893967095,0.96875,0.3432193994522095
3.9707495429616086,0.96875,0.35880768299102783
3.9725776965265083,0.96875,0.3476874828338623
3.974405850091408,0.84375,0.43951135873794556
3.976234003656307,0.9375,0.37954825162887573
3.9780621572212067,0.9375,0.36500462889671326
3.979890310786106,1.0,0.32780981063842773
3.9817184643510055,1.0,0.3156389892101288
3.9835466179159047,0.90625,0.3987457752227783
3.9853747714808043,0.9375,0.37717416882514954
3.987202925045704,0.90625,0.4143562912940979
3.989031078610603,0.9375,0.37442150712013245
3.9908592321755028,0.78125,0.4728996455669403
3.9926873857404024,0.96875,0.3582347631454468
3.9945155393053016,1.0,0.3378955125808716
3.996343692870201,0.875,0.44228190183639526
3.998171846435101,0.9375,0.36500653624534607
4.0,1.0,0.3171735405921936
4.001828153564899,0.96875,0.35383081436157227
4.003656307129799,0.9375,0.3602163791656494
4.005484460694698,0.96875,0.3476729393005371
4.007312614259598,0.96875,0.3482341170310974
4.009140767824498,0.96875,0.33551350235939026
4.010968921389397,1.0,0.31362485885620117
4.012797074954296,0.96875,0.3654008209705353
4.014625228519195,0.9375,0.37592220306396484
4.016453382084095,0.96875,0.3410506844520569
4.0182815356489945,0.9375,0.3631662130355835
4.020109689213894,1.0,0.31373798847198486
4.021937842778794,0.9375,0.37641385197639465
4.023765996343693,0.9375,0.3700711727142334
4.025594149908592,0.9375,0.3610421121120453
4.027422303473492,0.96875,0.335896372795105
4.029250457038391,0.96875,0.3454859256744385
4.0310786106032905,1.0,0.3203352689743042
4.03290676416819,1.0,0.3140014410018921
4.03473491773309,0.96875,0.3343227207660675
4.036563071297989,1.0,0.3206053078174591
4.038391224862888,0.96875,0.35267093777656555
4.040219378427788,0.96875,0.34455543756484985
4.042047531992687,1.0,0.3278016746044159
4.043875685557587,0.96875,0.3437187671661377
4.045703839122487,0.90625,0.38285279273986816
4.047531992687386,0.96875,0.3418627679347992
4.049360146252285,1.0,0.3177396059036255
4.051188299817184,0.9375,0.3574734926223755
4.053016453382084,0.9375,0.36111149191856384
4.0548446069469835,0.96875,0.3446415960788727
4.056672760511883,1.0,0.3166770339012146
4.058500914076783,0.96875,0.3391197919845581
4.060329067641682,0.96875,0.3394140899181366
4.062157221206581,1.0,0.31603482365608215
4.063985374771481,0.90625,0.40327775478363037
4.06581352833638,0.9375,0.3846616744995117
4.0676416819012795,0.96875,0.34548676013946533
4.06946983546618,0.96875,0.3282385468482971
4.071297989031079,0.90625,0.4034295082092285
4.073126142595978,0.9375,0.37439799308776855
4.074954296160877,1.0,0.3232495188713074
4.076782449725777,0.96875,0.3452048599720001
4.078610603290676,0.9375,0.36907777190208435
4.0804387568555756,0.90625,0.40396422147750854
4.082266910420476,0.9375,0.3591761291027069
4.084095063985375,1.0,0.31336289644241333
4.085923217550274,0.9375,0.37643420696258545
4.087751371115174,0.875,0.4420710504055023
4.089579524680073,0.90625,0.39096829295158386
4.091407678244972,0.9375,0.38893088698387146
4.093235831809872,0.96875,0.34770384430885315
4.095063985374772,1.0,0.31651315093040466
4.096892138939671,0.90625,0.40277761220932007
4.09872029250457,0.96875,0.3589726686477661
4.10054844606947,0.90625,0.382834255695343
4.102376599634369,0.90625,0.40682077407836914
4.1042047531992685,0.9375,0.3679678440093994
4.1060329067641685,0.96875,0.33806779980659485
4.107861060329068,0.96875,0.353373259305954
4.109689213893967,0.9375,0.38477468490600586
4.111517367458867,0.90625,0.40528252720832825
4.113345521023766,0.875,0.4120000898838043
4.115173674588665,0.96875,0.3445618450641632
4.1170018281535645,1.0,0.3160427212715149
4.118829981718465,1.0,0.3159700036048889
4.120658135283364,0.90625,0.39933502674102783
4.122486288848263,0.9375,0.37573230266571045
4.124314442413163,1.0,0.31356072425842285
4.126142595978062,1.0,0.31633150577545166
4.127970749542961,0.96875,0.36516326665878296
4.1297989031078615,0.96875,0.3283803164958954
4.131627056672761,0.90625,0.4009443521499634
4.13345521023766,1.0,0.31582772731781006
4.135283363802559,0.96875,0.3462831676006317
4.137111517367459,1.0,0.3161105215549469
4.138939670932358,0.9375,0.37394797801971436
4.140767824497257,0.96875,0.35222160816192627
4.1425959780621575,0.96875,0.34853628277778625
4.144424131627057,1.0,0.31382840871810913
4.146252285191956,0.96875,0.3452967405319214
4.148080438756856,1.0,0.3137129545211792
4.149908592321755,1.0,0.3155997693538666
4.151736745886654,0.96875,0.34677425026893616
4.153564899451554,0.96875,0.34579551219940186
4.155393053016454,0.9375,0.37630024552345276
4.157221206581353,0.96875,0.34866297245025635
4.159049360146252,0.90625,0.38859349489212036
4.160877513711152,0.9375,0.37567195296287537
4.162705667276051,0.96875,0.34440338611602783
4.16453382084095,1.0,0.32100415229797363
4.16636197440585,0.9375,0.3862040340900421
4.16819012797075,0.9375,0.36750099062919617
4.170018281535649,0.96875,0.3549007177352905
4.171846435100549,0.90625,0.40772804617881775
4.173674588665448,0.9375,0.36892062425613403
4.175502742230347,1.0,0.31333261728286743
4.177330895795246,0.96875,0.3432239890098572
4.1791590493601465,0.96875,0.33594897389411926
4.180987202925046,0.96875,0.3435876667499542
4.182815356489945,0.96875,0.3500766158103943
4.184643510054845,0.96875,0.3465624749660492
4.186471663619744,0.96875,0.3447299301624298
4.188299817184643,0.96875,0.3519045114517212
4.190127970749543,0.96875,0.3306257724761963
4.1919561243144425,0.90625,0.408220499753952
4.193784277879342,0.96875,0.34659284353256226
4.195612431444241,0.9375,0.3758399188518524
4.197440585009141,0.96875,0.3444520831108093
4.19926873857404,0.96875,0.34777167439460754
4.201096892138939,0.875,0.4390677809715271
4.202925045703839,0.96875,0.34182846546173096
4.204753199268739,1.0,0.31340470910072327
4.206581352833638,1.0,0.31458863615989685
4.208409506398538,0.90625,0.3985442519187927
4.210237659963437,0.96875,0.3377091586589813
4.212065813528336,1.0,0.3148934245109558
4.213893967093236,1.0,0.3167873024940491
4.2157221206581355,0.96875,0.3436473309993744
4.217550274223035,0.9375,0.3633919954299927
4.219378427787934,0.96875,0.35597220063209534
4.221206581352834,1.0,0.32325664162635803
4.223034734917733,0.96875,0.342087984085083
4.224862888482632,0.96875,0.3453809916973114
4.226691042047532,0.9375,0.35006868839263916
4.2285191956124315,0.96875,0.3459736406803131
4.230347349177331,0.90625,0.4158625602722168
4.232175502742231,0.90625,0.40322232246398926
4.23400365630713,1.0,0.31583479046821594
4.235831809872029,0.90625,0.40686938166618347
4.237659963436928,0.96875,0.3446377217769623
4.239488117001828,0.96875,0.3601379990577698
4.2413162705667276,1.0,0.3149169683456421
4.243144424131627,0.90625,0.40274086594581604
4.244972577696527,1.0,0.3183256983757019
4.246800731261426,0.90625,0.3980681300163269
4.248628884826325,0.9375,0.3611902594566345
4.250457038391225,1.0,0.3199883699417114
4.252285191956124,0.96875,0.3524647057056427
4.254113345521024,0.96875,0.35636913776397705
4.255941499085923,0.90625,0.3910095691680908
4.257769652650823,1.0,0.32110363245010376
4.259597806215722,0.96875,0.3459451198577881
4.261425959780621,0.9375,0.3759327828884125
4.263254113345521,0.9375,0.3718915283679962
4.2650822669104205,0.96875,0.3391874432563782
4.26691042047532,0.90625,0.4084896147251129
4.26873857404022,1.0,0.31351929903030396
4.270566727605119,0.90625,0.3992580473423004
4.272394881170018,1.0,0.31375712156295776
4.274223034734918,0.96875,0.3477895259857178
4.276051188299817,0.96875,0.346237450838089
4.2778793418647165,0.875,0.43704932928085327
4.279707495429616,1.0,0.31600895524024963
4.281535648994516,0.96875,0.35872286558151245
4.283363802559415,1.0,0.3133165240287781
4.285191956124314,0.96875,0.3354842960834503
4.287020109689214,0.9375,0.3786471486091614
4.288848263254113,0.90625,0.40983909368515015
4.290676416819013,1.0,0.31981733441352844
4.292504570383913,1.0,0.3140469193458557
4.294332723948812,1.0,0.31342199444770813
4.296160877513711,1.0,0.31464773416519165
4.29798903107861,0.90625,0.4011684060096741
4.29981718464351,0.96875,0.3458659052848816
4.301645338208409,0.96875,0.3447945713996887
4.303473491773309,0.9375,0.36350393295288086
4.305301645338209,0.96875,0.3431522846221924
4.307129798903108,0.96875,0.3539539575576782
4.308957952468007,0.9375,0.3600754141807556
4.310786106032907,0.90625,0.4067862927913666
4.312614259597806,1.0,0.31363445520401
4.3144424131627055,0.875,0.42542770504951477
4.316270566727605,0.96875,0.35561883449554443
4.318098720292505,0.96875,0.3268834054470062
4.319926873857404,0.9375,0.35661229491233826
4.321755027422303,1.0,0.31734633445739746
4.323583180987203,0.96875,0.3575860261917114
4.325411334552102,1.0,0.3165566027164459
4.3272394881170015,0.90625,0.3985949456691742
4.329067641681902,0.90625,0.39646828174591064
4.330895795246801,0.9375,0.38575467467308044
4.3327239488117,0.96875,0.342241495847702
4.3345521023766,0.90625,0.4072982966899872
4.336380255941499,0.9375,0.37098827958106995
4.338208409506398,0.96875,0.3375093638896942
4.340036563071298,1.0,0.31347641348838806
4.341864716636198,0.9375,0.3696919083595276
4.343692870201097,0.96875,0.3366505205631256
4.345521023765996,0.9375,0.36844301223754883
4.347349177330896,0.96875,0.3440101444721222
4.349177330895795,1.0,0.31396499276161194
4.3510054844606945,0.875,0.4230862557888031
4.3528336380255945,0.9375,0.3752285838127136
4.354661791590494,0.90625,0.41132742166519165
4.356489945155393,0.90625,0.41610491275787354
4.358318098720293,0.9375,0.36610478162765503
4.360146252285192,0.84375,0.4446013271808624
4.361974405850091,0.96875,0.35066545009613037
4.3638025594149905,0.96875,0.3648111820220947
4.365630712979891,0.96875,0.3483656942844391
4.36745886654479,0.9375,0.37649470567703247
4.369287020109689,0.96875,0.3560444116592407
4.371115173674589,0.875,0.44415563344955444
4.372943327239488,0.875,0.42890989780426025
4.374771480804387,0.875,0.4125673174858093
4.376599634369287,0.84375,0.4663611352443695
4.378427787934187,0.84375,0.4548344016075134
4.380255941499086,0.90625,0.40395620465278625
4.382084095063985,0.96875,0.35753941535949707
4.383912248628885,1.0,0.3133799433708191
4.385740402193784,1.0,0.33511701226234436
4.387568555758683,0.96875,0.3383311629295349
4.3893967093235835,0.90625,0.389050155878067
4.391224862888483,0.96875,0.3392099142074585
4.393053016453382,0.96875,0.3348696231842041
4.394881170018282,0.96875,0.3587230443954468
4.396709323583181,0.875,0.447274386882782
4.39853747714808,0.96875,0.3541352450847626
4.4003656307129795,0.9375,0.37575477361679077
4.4021937842778796,1.0,0.3228592574596405
4.404021937842779,0.9375,0.3745960295200348
4.405850091407678,0.90625,0.39467090368270874
4.407678244972578,0.9375,0.37367427349090576
4.409506398537477,0.96875,0.34614601731300354
4.411334552102376,0.875,0.43007639050483704
4.413162705667276,0.96875,0.346607506275177
4.414990859232176,0.9375,0.3770187795162201
4.416819012797075,0.96875,0.3391033709049225
4.418647166361975,0.96875,0.34370097517967224
4.420475319926874,0.8125,0.4786642789840698
4.422303473491773,0.9375,0.3834872841835022
4.424131627056672,0.90625,0.3811414837837219
4.4259597806215725,0.9375,0.3783518671989441
4.427787934186472,1.0,0.3157270550727844
4.429616087751371,0.9375,0.3724825084209442
4.431444241316271,0.96875,0.3491074740886688
4.43327239488117,0.96875,0.3527753949165344
4.435100548446069,0.9375,0.376626193523407
4.4369287020109685,0.90625,0.4071011245250702
4.4387568555758685,0.96875,0.3495939075946808
4.440585009140768,1.0,0.31618672609329224
4.442413162705667,1.0,0.3138769567012787
4.444241316270567,0.90625,0.38912394642829895
4.446069469835466,0.84375,0.45808690786361694
4.447897623400365,1.0,0.3184031844139099
4.449725776965265,0.96875,0.34411925077438354
4.451553930530165,1.0,0.320512592792511
4.453382084095064,0.96875,0.3447199761867523
4.455210237659964,0.96875,0.34512969851493835
4.457038391224863,0.96875,0.3454650044441223
4.458866544789762,0.96875,0.34468376636505127
4.460694698354661,0.96875,0.33658552169799805
4.462522851919561,0.96875,0.35513854026794434
4.464351005484461,0.96875,0.34449365735054016
4.46617915904936,0.96875,0.3539101183414459
4.46800731261426,0.96875,0.35048985481262207
4.469835466179159,0.9375,0.375312477350235
4.471663619744058,0.875,0.42927396297454834
4.473491773308958,1.0,0.31812265515327454
4.4753199268738575,0.96875,0.34941861033439636
4.477148080438757,0.96875,0.3448418974876404
4.478976234003657,0.90625,0.4063332974910736
4.480804387568556,0.96875,0.34475672245025635
4.482632541133455,1.0,0.3237505555152893
4.484460694698354,0.90625,0.40203118324279785
4.486288848263254,0.90625,0.418150395154953
4.4881170018281535,1.0,0.3167472183704376
4.489945155393053,1.0,0.31682491302490234
4.491773308957953,0.96875,0.3462338447570801
4.493601462522852,0.96875,0.35284334421157837
4.495429616087751,0.96875,0.35155779123306274
4.497257769652651,0.9375,0.35921671986579895
4.49908592321755,0.96875,0.3550667464733124
4.50091407678245,0.90625,0.3893846273422241
4.50274223034735,0.9375,0.3760181963443756
4.504570383912249,0.9375,0.3843536078929901
4.506398537477148,0.9375,0.35834383964538574
4.508226691042047,0.9375,0.3756556808948517
4.510054844606947,0.96875,0.35494017601013184
4.5118829981718465,1.0,0.32376420497894287
4.513711151736746,0.9375,0.3760598301887512
4.515539305301646,0.9375,0.3604600131511688
4.517367458866545,0.96875,0.3457659184932709
4.519195612431444,1.0,0.31445690989494324
4.521023765996343,1.0,0.31657111644744873
4.522851919561243,0.96875,0.3473678231239319
4.5246800731261425,0.96875,0.34966668486595154
4.526508226691042,0.84375,0.45794129371643066
4.528336380255942,0.96875,0.3578246831893921
4.530164533820841,0.875,0.4320417046546936
4.53199268738574,1.0,0.3139626085758209
4.53382084095064,0.9375,0.3745940923690796
4.535648994515539,0.9375,0.3692704439163208
4.537477148080439,0.96875,0.35217171907424927
4.539305301645339,0.96875,0.3473285436630249
4.541133455210238,0.96875,0.32863855361938477
4.542961608775137,1.0,0.325408935546875
4.544789762340036,1.0,0.31487977504730225
4.546617915904936,0.9375,0.3631161153316498
4.548446069469835,0.9375,0.3876928985118866
4.550274223034735,0.96875,0.33737874031066895
4.552102376599635,0.90625,0.38844916224479675
4.553930530164534,0.9375,0.3642357289791107
4.555758683729433,0.9375,0.3823253810405731
4.557586837294332,0.96875,0.3513692617416382
4.559414990859232,0.96875,0.35127541422843933
4.5612431444241315,0.9375,0.3572559654712677
4.5630712979890315,0.96875,0.347036212682724
4.564899451553931,0.96875,0.33786168694496155
4.56672760511883,1.0,0.3260596990585327
4.568555758683729,0.90625,0.39816197752952576
4.570383912248629,0.9375,0.383782297372818
4.572212065813528,0.96875,0.355817586183548
4.5740402193784275,0.9375,0.37767916917800903
4.575868372943328,1.0,0.31390634179115295
4.577696526508227,0.96875,0.3437279462814331
4.579524680073126,0.96875,0.3450160324573517
4.581352833638025,0.9375,0.37927141785621643
4.583180987202925,0.96875,0.3511725068092346
4.585009140767824,1.0,0.3158442974090576
4.586837294332724,0.9375,0.35573142766952515
4.588665447897624,0.96875,0.33834749460220337
4.590493601462523,0.9375,0.3729841113090515
4.592321755027422,1.0,0.3180997371673584
4.594149908592322,0.96875,0.34450069069862366
4.595978062157221,0.9375,0.37605902552604675
4.5978062157221204,1.0,0.3135901689529419
4.5996343692870205,1.0,0.3142763376235962
4.60146252285192,0.96875,0.3448069393634796
4.603290676416819,0.9375,0.3515395522117615
4.605118829981718,0.9375,0.37654659152030945
4.606946983546618,1.0,0.3153333365917206
4.608775137111517,0.90625,0.40882694721221924
4.6106032906764165,0.96875,0.34510907530784607
4.612431444241317,0.96875,0.3503076732158661
4.614259597806216,0.9375,0.3680818974971771
4.616087751371115,0.96875,0.3444070518016815
4.617915904936015,0.96875,0.34795689582824707
4.619744058500914,0.96875,0.33779650926589966
4.621572212065813,0.9375,0.36607101559638977
4.623400365630713,0.96875,0.3283883035182953
4.625228519195613,0.96875,0.33163630962371826
4.627056672760512,0.96875,0.3445669710636139
4.628884826325411,0.96875,0.34995415806770325
4.630712979890311,0.9375,0.35836994647979736
4.63254113345521,0.9375,0.37593144178390503
4.634369287020109,0.96875,0.3364163339138031
4.6361974405850095,0.96875,0.347030907869339
4.638025594149909,0.96875,0.3464082181453705
4.639853747714808,1.0,0.3160821795463562
4.641681901279707,0.96875,0.3473873734474182
4.643510054844607,0.96875,0.35048043727874756
4.645338208409506,1.0,0.3218837380409241
4.6471663619744055,0.96875,0.3445737063884735
4.6489945155393055,0.96875,0.3446224629878998
4.650822669104205,0.9375,0.3553852438926697
4.652650822669104,0.9375,0.37614575028419495
4.654478976234004,0.96875,0.3520203232765198
4.656307129798903,0.9375,0.35967114567756653
4.658135283363802,1.0,0.31378230452537537
4.659963436928702,0.9375,0.37519004940986633
4.661791590493602,1.0,0.313385933637619
4.663619744058501,0.90625,0.40281540155410767
4.6654478976234,0.9375,0.40317410230636597
4.6672760511883,0.9375,0.3757675290107727
4.669104204753199,0.9375,0.35934674739837646
4.670932358318098,0.90625,0.3903975188732147
4.6727605118829985,0.9375,0.3782287836074829
4.674588665447898,0.90625,0.40429455041885376
4.676416819012797,0.96875,0.343153178691864
4.678244972577697,0.96875,0.33297935128211975
4.680073126142596,1.0,0.3186034858226776
4.681901279707495,0.90625,0.382017582654953
4.683729433272395,0.96875,0.3460848033428192
4.6855575868372945,0.9375,0.3800595700740814
4.687385740402194,0.9375,0.3841054141521454
4.689213893967093,0.9375,0.37403765320777893
4.691042047531993,0.96875,0.3389599919319153
4.692870201096892,1.0,0.3181609511375427
4.694698354661791,1.0,0.31926846504211426
4.696526508226691,0.9375,0.39288055896759033
4.698354661791591,1.0,0.32010677456855774
4.70018281535649,0.96875,0.3504140377044678
4.702010968921389,0.9375,0.3762609362602234
4.703839122486289,0.96875,0.3429754972457886
4.705667276051188,0.96875,0.34605786204338074
4.707495429616088,0.90625,0.4072565734386444
4.709323583180987,0.96875,0.3376409113407135
4.711151736745887,0.96875,0.3339199125766754
4.712979890310786,1.0,0.3162823021411896
4.714808043875686,1.0,0.33361878991127014
4.716636197440585,1.0,0.3146575689315796
4.718464351005484,0.875,0.41657647490501404
4.720292504570384,0.96875,0.346680611371994
4.7221206581352835,0.90625,0.3956783711910248
4.723948811700183,0.90625,0.39579707384109497
4.725776965265082,0.90625,0.3835381269454956
4.727605118829982,0.96875,0.32624098658561707
4.729433272394881,1.0,0.3169681429862976
4.73126142595978,1.0,0.3133242130279541
4.73308957952468,0.90625,0.39289242029190063
4.7349177330895795,0.9375,0.35913097858428955
4.736745886654479,1.0,0.3171100914478302
4.738574040219379,0.90625,0.4016414284706116
4.740402193784278,0.9375,0.3771553337574005
4.742230347349177,0.90625,0.39241454005241394
4.744058500914077,1.0,0.31403934955596924
4.745886654478976,0.9375,0.38328099250793457
4.747714808043876,0.96875,0.3563503921031952
4.749542961608775,0.90625,0.3878926634788513
4.751371115173675,0.90625,0.4104379415512085
4.753199268738574,1.0,0.3212939202785492
4.755027422303473,1.0,0.3150433599948883
4.756855575868373,0.9375,0.36335718631744385
4.7586837294332724,0.9375,0.35328131914138794
4.760511882998172,0.875,0.41509318351745605
4.762340036563071,0.9375,0.3850303888320923
4.764168190127971,0.96875,0.3438766300678253
4.76599634369287,0.96875,0.340481698513031
4.76782449725777,0.96875,0.3445480167865753
4.769652650822669,1.0,0.313281387090683
4.7714808043875685,0.96875,0.35108986496925354
4.773308957952468,0.9375,0.3637218475341797
4.775137111517368,0.96875,0.3258163630962372
4.776965265082267,0.9375,0.3650137186050415
4.778793418647166,0.9375,0.3687898516654968
4.780621572212066,0.96875,0.33391880989074707
4.782449725776965,0.90625,0.39140093326568604
4.7842778793418645,0.96875,0.35438272356987
4.786106032906764,0.96875,0.35230752825737
4.787934186471664,0.90625,0.38884422183036804
4.789762340036563,0.9375,0.3867388367652893
4.791590493601462,0.96875,0.34469467401504517
4.793418647166362,1.0,0.31675806641578674
4.795246800731261,0.96875,0.34674307703971863
4.797074954296161,0.9375,0.3689286410808563
4.798903107861061,0.90625,0.4036664068698883
4.80073126142596,0.9375,0.3819408118724823
4.802559414990859,0.96875,0.348092257976532
4.804387568555759,0.9375,0.35787421464920044
4.806215722120658,1.0,0.3258707523345947
4.8080438756855575,0.96875,0.33182305097579956
4.809872029250457,0.96875,0.34598734974861145
4.811700182815357,1.0,0.31505778431892395
4.813528336380256,1.0,0.3170369267463684
4.815356489945155,0.875,0.44004473090171814
4.817184643510055,0.9375,0.36104023456573486
4.819012797074954,0.9375,0.36956503987312317
4.8208409506398535,0.875,0.4139806032180786
4.822669104204754,0.96875,0.34892430901527405
4.824497257769653,0.875,0.4081224203109741
4.826325411334552,0.9375,0.39117521047592163
4.828153564899452,0.9375,0.37328776717185974
4.829981718464351,1.0,0.31468045711517334
4.83180987202925,0.9375,0.3766358196735382
4.83363802559415,0.96875,0.33031603693962097
4.83546617915905,0.96875,0.3607661724090576
4.837294332723949,1.0,0.31496405601501465
4.839122486288848,0.9375,0.3758030831813812
4.840950639853748,0.875,0.4316557049751282
4.842778793418647,1.0,0.32213324308395386
4.844606946983546,0.96875,0.34396806359291077
4.846435100548446,0.9375,0.3733680844306946
4.848263254113346,0.90625,0.38174599409103394
4.850091407678245,0.875,0.4267469644546509
4.851919561243144,0.9375,0.39886751770973206
4.853747714808044,0.9375,0.35804757475852966
4.855575868372943,0.90625,0.41755586862564087
4.8574040219378425,0.96875,0.34166058897972107
4.859232175502743,0.9375,0.37637344002723694
4.861060329067642,1.0,0.31786373257637024
4.862888482632541,0.96875,0.3460288345813751
4.864716636197441,0.96875,0.3308643698692322
4.86654478976234,1.0,0.31339940428733826
4.868372943327239,0.84375,0.4366544187068939
4.8702010968921385,0.96875,0.34851717948913574
4.872029250457039,0.9375,0.37627673149108887
4.873857404021938,0.90625,0.40711861848831177
4.875685557586837,0.90625,0.4015768766403198
4.877513711151737,1.0,0.31478121876716614
4.879341864716636,1.0,0.3137693405151367
4.881170018281535,0.84375,0.4621804654598236
4.8829981718464355,0.96875,0.34508344531059265
4.884826325411335,0.9375,0.36884090304374695
4.886654478976234,1.0,0.31899750232696533
4.888482632541134,1.0,0.314828485250473
4.890310786106033,0.90625,0.4080721437931061
4.892138939670932,1.0,0.3181132674217224
4.8939670932358315,0.9375,0.38076165318489075
4.8957952468007315,0.90625,0.40342456102371216
4.897623400365631,1.0,0.32480770349502563
4.89945155393053,0.9375,0.37551000714302063
4.90127970749543,0.9375,0.37675490975379944
4.903107861060329,1.0,0.31545302271842957
4.904936014625228,0.875,0.42214566469192505
4.9067641681901275,1.0,0.34346991777420044
4.908592321755028,1.0,0.3141827881336212
4.910420475319927,0.96875,0.3394862115383148
4.912248628884826,1.0,0.3147412836551666
4.914076782449726,0.96875,0.3445136845111847
4.915904936014625,0.90625,0.385637104511261
4.917733089579524,1.0,0.31780195236206055
4.9195612431444244,0.96875,0.3504410684108734
4.921389396709324,0.9375,0.37578803300857544
4.923217550274223,1.0,0.31987470388412476
4.925045703839123,1.0,0.3136894404888153
4.926873857404022,0.90625,0.4040626287460327
4.928702010968921,0.96875,0.34852737188339233
4.93053016453382,1.0,0.31888923048973083
4.9323583180987205,1.0,0.31823399662971497
4.93418647166362,0.90625,0.4021857678890228
4.936014625228519,0.90625,0.4166116714477539
4.937842778793419,0.96875,0.3464263379573822
4.939670932358318,0.96875,0.3405551016330719
4.941499085923217,0.96875,0.33664029836654663
4.943327239488117,0.96875,0.3471927046775818
4.9451553930530165,0.9375,0.3701309859752655
4.946983546617916,1.0,0.32627740502357483
4.948811700182816,1.0,0.3138863742351532
4.950639853747715,0.90625,0.3893740177154541
4.952468007312614,0.96875,0.3295062780380249
4.954296160877513,0.90625,0.4108622372150421
4.956124314442413,0.96875,0.3447986841201782
4.957952468007313,1.0,0.319189190864563
4.959780621572212,0.9285714626312256,0.35223084688186646
4.961608775137112,0.96875,0.3445788621902466
4.963436928702011,1.0,0.3264513909816742
4.96526508226691,0.90625,0.3916480541229248
4.967093235831809,1.0,0.31352537870407104
4.9689213893967095,0.9375,0.37600570917129517
4.970749542961609,0.9375,0.37208762764930725
4.972577696526509,0.96875,0.35316604375839233
4.974405850091408,0.96875,0.34870439767837524
4.976234003656307,0.96875,0.3349687159061432
4.978062157221206,1.0,0.3428923189640045
4.979890310786106,0.9375,0.3810361325740814
4.9817184643510055,0.9375,0.3640364110469818
4.983546617915905,0.9375,0.37672188878059387
4.985374771480805,0.90625,0.3913775384426117
4.987202925045704,0.9375,0.36195307970046997
4.989031078610603,0.9375,0.37475064396858215
4.990859232175502,0.9375,0.37689805030822754
4.992687385740402,0.9375,0.3639889061450958
4.994515539305302,0.96875,0.3433576822280884
4.996343692870201,0.96875,0.3515055477619171
4.998171846435101,0.96875,0.35277631878852844
